-0.283526	0.028934	0.007600	-0.126596	0.100990	-0.092736	-0.079140	0.025589	-0.189937	0.104939	0.092962	0.056973	-0.041550	0.167914	-0.091591	0.051196	-0.092773	-0.063512	-0.108833	0.182693	0.094440	0.293303	0.352026	-0.131179	-0.099259	0.067758	0.149713	-0.082990	0.090458	0.229529	-0.098569	0.068287	0.058350	0.133724	-0.081762	0.139032	0.184136	0.139236	-0.159903	-0.139974	-0.093866	0.121298	-0.063503	0.183866	0.105240	0.265867	-0.127358	-0.157029	-0.126849	-0.135087	
-0.069383	0.139661	0.042026	-0.048453	-0.009505	-0.291023	0.186833	0.196330	-0.281775	0.062850	0.141593	0.056959	0.177430	0.280744	-0.000800	-0.056340	-0.150294	0.045714	0.088921	0.072281	0.033309	-0.073050	-0.157201	0.062102	-0.003071	0.031637	-0.261651	-0.036788	-0.122963	-0.138396	0.100960	-0.063669	0.223828	0.076872	-0.048916	0.047389	0.259397	-0.062057	-0.025895	-0.001575	-0.219431	-0.080941	0.173342	-0.218967	0.277870	-0.076764	0.068028	-0.186669	0.107411	0.042192	
0.062925	0.100040	0.016171	0.041484	-0.054795	-0.060545	-0.037015	-0.014973	0.002243	-0.101681	-0.042039	0.025326	0.017040	-0.051710	0.067796	0.004052	0.021419	-0.053084	-0.047517	0.071906	-0.062107	-0.011780	-0.060804	0.100541	-0.052528	-0.067039	0.037259	0.011509	0.064791	-0.029106	0.088293	0.082820	0.014710	0.018371	-0.044258	-0.040274	-0.041568	0.027231	-0.038429	-0.024367	0.073795	0.056732	-0.036100	-0.071930	-0.026980	-0.016298	0.008558	0.045330	0.037709	0.027102	
0.019955	-0.033660	0.009529	0.028533	-0.023979	-0.046385	-0.016896	0.038855	0.020418	-0.024409	-0.049366	0.013190	0.030540	-0.050764	-0.022979	-0.039066	0.235920	0.010837	0.038496	0.022852	0.044808	-0.056257	0.010011	-0.007526	-0.000896	-0.046472	-0.021163	-0.001742	-0.018036	0.013996	0.017832	0.027096	0.011219	0.023785	0.037046	-0.008665	0.002467	-0.023681	0.011721	0.025393	0.012238	0.023477	-0.022542	0.031239	-0.028708	-0.009908	-0.049421	0.040147	0.010391	0.001486	
0.003522	-0.011756	0.004920	-0.001295	0.032628	-0.020146	-0.028122	0.000052	-0.010306	0.016625	0.025740	-0.007251	0.014760	-0.007561	-0.028847	-0.004609	0.013310	-0.042209	-0.018126	-0.006422	0.000466	0.015692	0.005179	-0.044384	-0.014087	-0.007354	-0.032369	0.002123	-0.007872	0.006836	0.012947	0.025222	-0.009167	0.020095	0.016469	-0.004765	-0.011601	-0.001968	-0.015382	0.040293	-0.008494	-0.032058	-0.011705	0.028899	-0.005438	0.002072	0.025532	-0.033197	0.023461	-0.016780	
-0.014553	-0.004195	-0.023461	0.016832	0.011912	-0.008390	0.018800	0.004402	0.000777	0.003211	-0.041018	0.012015	-0.014035	0.000207	-0.016055	-0.014449	0.024186	0.000311	0.031022	-0.006008	-0.034026	-0.019577	0.004765	-0.014967	0.001191	-0.011808	0.010203	-0.038066	0.052619	-0.033456	0.027190	-0.025481	-0.000052	0.020250	-0.005075	0.022839	-0.031022	0.025377	-0.000363	-0.012740	0.027086	0.017609	-0.006733	-0.006577	-0.024911	-0.003159	0.023979	0.015796	0.009685	-0.005024	
-0.027672	0.003567	-0.027083	-0.052616	-0.014812	-0.011857	0.032728	-0.008076	0.026309	-0.023235	0.005127	-0.058672	0.011290	-0.010824	0.004972	0.028485	0.011391	0.037389	-0.036460	-0.016673	-0.021334	0.038940	0.001968	-0.012478	-0.024853	0.020923	0.017813	-0.021493	-0.025995	0.011238	-0.029676	0.000259	-0.019111	0.011446	0.022836	0.036095	0.023616	0.008128	0.005797	-0.027860	0.003829	-0.052878	-0.046093	0.025015	-0.025685	0.014449	0.029828	0.001414	-0.035159	-0.026361	
0.017505	0.029831	-0.000673	-0.020405	-0.007147	0.040085	0.001709	0.034544	-0.035683	-0.002486	-0.039982	0.001502	-0.000155	0.025895	-0.013776	-0.004558	0.018230	-0.034337	0.008235	0.017816	-0.051894	0.018644	-0.006940	-0.002279	-0.001450	-0.015175	0.000000	-0.033767	-0.012015	0.032472	-0.016625	-0.016417	-0.009426	-0.004195	0.005800	-0.006059	-0.004920	-0.034803	0.006629	-0.027915	0.005542	-0.009115	0.019007	-0.009322	0.014035	-0.004091	-0.009995	0.009840	-0.030504	-0.020405	
0.014864	-0.038325	-0.014605	-0.025843	0.000932	0.002848	-0.014605	-0.028122	0.001657	-0.005438	0.018489	-0.022891	-0.014139	0.022373	-0.006318	-0.007613	0.037185	0.000000	-0.013465	-0.006370	-0.000621	0.012689	0.005490	0.042830	-0.012740	-0.056296	0.008494	-0.009944	-0.031592	-0.013621	-0.006992	0.007147	-0.013621	-0.008235	-0.021804	0.016521	-0.017505	-0.004091	0.026568	-0.036823	0.001347	0.011756	0.002486	0.001761	-0.004350	-0.003418	-0.003832	0.031126	0.032731	0.011601	
-0.031126	-0.021804	0.011653	0.029002	0.004661	-0.015744	0.009581	0.028640	-0.006215	0.017039	-0.009374	-0.007872	0.017039	0.012015	-0.014087	0.035683	0.044695	0.006526	-0.009115	0.036616	0.014657	0.004558	-0.016521	0.015071	0.003781	-0.004765	-0.006629	0.025532	-0.000363	0.000673	0.030090	0.024186	-0.010772	-0.021441	-0.002952	0.032731	-0.003004	-0.010151	-0.002279	-0.006733	-0.002434	-0.024082	0.052412	0.013569	-0.010254	-0.031488	-0.021389	0.009426	0.017919	0.029158	
0.001398	0.018075	0.053292	0.002900	0.024756	-0.008027	0.026309	-0.012274	0.009374	0.011549	-0.016728	0.030815	0.009944	0.013414	-0.001554	-0.019784	-0.001813	-0.035165	-0.025429	-0.806993	-0.002590	0.018800	0.006163	-0.012015	-0.008390	0.039309	0.029417	0.021959	-0.013465	-0.002123	0.016780	0.014553	-0.029831	0.018437	0.009426	-0.002072	0.000155	-0.004247	-0.005127	0.036823	-0.056451	0.019421	-0.027242	0.004402	0.029417	-0.004868	0.013776	0.036978	0.008235	0.016935	
0.022322	-0.007769	0.000621	-0.005904	0.031851	-0.037082	-0.042520	-0.026361	-0.027863	-0.020612	0.027397	-0.031333	-0.007354	-0.023772	0.015382	-0.010772	0.033405	0.002900	0.000052	0.022322	0.028951	0.042209	-0.014501	-0.020664	0.015071	0.031385	-0.029520	0.008701	0.019369	0.008235	-0.016469	0.019836	0.011446	-0.060853	0.006422	-0.028536	0.012274	0.014087	-0.032006	0.003729	0.008545	0.015537	-0.023927	0.035787	-0.025481	0.003832	0.013258	-0.019162	-0.035373	0.024341	
-0.010203	0.030867	-0.007561	0.007717	-0.028226	-0.004350	0.008701	-0.009892	0.008390	-0.003315	0.000518	0.019732	-0.023616	0.004195	0.001864	-0.014449	0.017660	-0.020302	0.007354	-0.020820	0.019369	0.021493	0.003263	-0.050444	-0.003315	0.037703	0.017194	0.025481	-0.002797	0.004920	-0.032576	0.021079	0.005075	0.017143	-0.002020	0.000155	-0.008701	-0.002382	0.014190	-0.010617	-0.012533	-0.019991	-0.016366	0.002331	0.003832	-0.006163	0.005075	0.007561	0.015330	-0.007510	
0.030245	0.005490	-0.015641	-0.021027	0.027759	-0.011238	-0.014708	0.010410	-0.040707	0.006992	-0.027345	0.007924	0.025636	-0.008442	0.024341	-0.033094	-0.019162	-0.005645	0.002227	0.007251	-0.038480	0.004040	0.026879	0.022736	0.020198	-0.018437	-0.014449	-0.013828	-0.014864	-0.026154	0.032938	0.004402	-0.002175	0.030556	-0.008442	-0.026983	0.001450	0.007665	-0.002693	-0.030349	-0.019266	-0.001243	0.013932	-0.020975	0.002900	0.022477	0.032990	-0.009685	0.008390	-0.002434	
-0.008286	-0.013465	-0.020664	0.000207	0.022425	-0.051635	0.008908	0.018852	-0.006163	0.001139	-0.003677	-0.005800	-0.047284	0.013258	-0.010928	0.039723	0.009892	0.028174	0.004454	0.010513	0.028485	0.012119	-0.003677	0.008079	-0.017298	-0.017660	-0.003832	-0.015796	-0.004609	-0.008131	-0.009167	0.005593	-0.004558	0.001554	0.009995	0.009737	-0.020509	-0.028692	-0.008079	0.025999	0.009063	0.000829	-0.051945	0.017868	-0.031540	-0.008183	0.052619	-0.015641	-0.026568	0.011653	
-0.053292	0.002538	-0.032576	-0.009063	-0.000466	0.045731	0.037341	0.052670	-0.007872	-0.000621	0.013258	0.027915	0.037185	0.026516	0.002123	-0.012481	-0.017298	0.008908	-0.002641	-0.002797	0.005956	-0.021234	-0.021182	-0.027759	-0.007613	-0.019007	0.001450	-0.020353	-0.011238	-0.000984	-0.034544	0.010669	-0.017868	-0.000673	0.016521	0.025532	-0.022684	0.018800	-0.026465	0.040811	-0.025688	0.001761	-0.041328	-0.014605	0.002486	-0.016832	0.018489	-0.000207	-0.000725	0.026931	
-0.006267	-0.002900	0.023357	-0.028536	-0.018800	0.027915	-0.009581	-0.026258	-0.002020	-0.044436	-0.009219	0.002797	-0.027293	-0.016055	-0.003884	0.010876	0.030763	0.021286	-0.004091	-0.012689	-0.009995	0.000363	0.004195	-0.022322	0.003522	-0.029572	-0.013051	-0.030401	0.062045	0.017039	-0.027708	0.011342	0.011394	0.021234	0.030970	0.027863	-0.007458	0.020146	0.032938	-0.021441	-0.026309	-0.004765	-0.019784	0.003366	-0.011808	0.024704	-0.001139	-0.013569	-0.006784	-0.031281	
-0.032006	-0.011808	0.053758	-0.020198	-0.029106	0.012999	-0.032006	-0.004920	-0.008908	0.010306	-0.027293	-0.009529	-0.001191	0.013932	0.008856	-0.007147	0.017971	0.015744	-0.010617	-0.027242	0.000259	-0.039619	0.000777	0.006318	-0.009581	-0.022270	0.002072	0.010565	-0.003418	0.010462	0.008494	-0.027242	-0.017143	0.007354	0.005438	0.024807	0.038066	-0.000363	0.010410	0.002538	0.002590	0.012689	0.031695	-0.022166	-0.020716	-0.038480	0.010254	-0.038843	-0.013880	-0.006940	
0.014242	-0.009219	0.021545	-0.017919	0.010047	0.020871	0.008494	0.005179	-0.014967	0.008753	-0.022839	-0.002693	-0.006629	0.038325	0.004143	-0.014605	-0.024393	0.017816	-0.023927	0.016262	0.011705	0.015589	0.022995	0.045679	-0.049926	-0.022477	0.016573	-0.023927	0.010410	0.023306	-0.008804	0.005800	0.015330	0.006474	-0.000673	0.030763	0.013258	-0.013569	-0.028122	0.013465	-0.000155	0.008649	0.021907	0.012896	0.005904	-0.013051	-0.007665	0.026931	0.008545	-0.015951	
-0.002123	-0.006681	0.018696	0.006681	0.022166	-0.018593	-0.005852	0.025481	-0.020820	-0.011394	0.018075	-0.041898	0.012947	0.022477	-0.008960	0.026102	-0.026827	0.004920	-0.016676	0.010721	0.004609	-0.026309	-0.010876	0.013569	0.011342	-0.004920	-0.016107	0.002848	0.006059	0.011238	-0.014657	-0.006008	-0.001191	0.022580	-0.006888	-0.025066	0.001554	-0.050185	0.021182	-0.011963	0.012222	0.003677	0.006008	0.034596	0.029727	0.007043	0.012999	0.021545	-0.013155	0.010462	
-0.018437	0.006422	0.017298	0.020405	-0.015641	-0.002331	0.002848	0.035321	-0.019939	0.002123	-0.003263	0.006059	0.024031	-0.001606	-0.005283	0.019887	-0.015900	0.023564	0.018075	-0.018644	0.031229	-0.011394	-0.024341	-0.030711	-0.007872	0.023772	-0.029158	-0.007872	0.026361	-0.003625	-0.027086	0.025636	-0.008235	0.010358	0.013880	0.012171	-0.017660	0.006526	-0.025066	-0.011394	0.011705	0.002590	-0.002331	0.018437	-0.038428	-0.001813	0.011135	0.002486	0.002538	0.003418	
0.004247	-0.006059	-0.020509	0.004765	-0.046197	0.003159	0.045731	-0.003159	0.027345	-0.018852	-0.005542	-0.021493	-0.017091	-0.002020	0.011912	-0.019369	0.019939	-0.008649	-0.026154	-0.003522	-0.000777	-0.000673	0.013310	0.038998	-0.011653	-0.041018	0.027811	0.042416	0.004247	0.002020	0.015744	0.030711	-0.000466	0.003418	-0.006163	0.015226	0.021130	-0.010358	-0.065255	-0.025532	0.015744	0.038376	0.044332	0.021907	-0.002745	0.010721	-0.005852	0.028122	0.003263	-0.004609	
-0.041018	-0.027863	0.005075	0.036823	-0.005386	-0.016935	-0.004558	0.009219	-0.009944	0.035994	0.023772	0.007769	0.440164	-0.020612	-0.015226	-0.003625	-0.012585	0.037859	-0.017350	0.043814	-0.015951	0.021130	0.008338	-0.020198	0.008183	0.004868	-0.022839	0.010306	-0.016521	-0.012274	0.027708	-0.036564	0.028795	0.029469	-0.003056	-0.003574	0.000155	-0.026931	-0.036512	0.045523	-0.023979	0.024548	-0.022373	0.017298	0.039775	0.005852	0.000052	0.018748	-0.002538	-0.017091	
0.014657	0.016832	-0.004299	-0.022270	-0.017401	-0.032162	0.002952	-0.024393	0.041121	0.002590	0.004558	0.027656	0.002952	-0.020405	-0.026879	0.004506	0.007613	-0.005542	0.010358	0.025947	-0.018541	-0.040862	0.014864	-0.001450	0.002382	0.006577	0.041328	-0.001761	-0.006836	-0.038791	0.012067	0.023616	0.017868	-0.033974	0.021700	-0.000518	-0.010358	0.009219	-0.010047	-0.008649	0.016521	0.038273	-0.016262	0.021234	0.005542	-0.011705	-0.022891	-0.017505	0.010876	-0.030245	
-0.016314	0.021855	-0.001761	-0.011187	-0.018800	0.012430	-0.011031	-0.028847	-0.021596	-0.024134	-0.023875	-0.013621	-0.002900	-0.005593	0.003004	-0.008131	0.017453	-0.014449	0.026154	0.003988	0.013206	0.002486	0.041536	-0.008079	0.007199	0.031385	0.022166	-0.024756	-0.010979	-0.007251	-0.028640	0.044539	0.005645	0.004299	-0.012378	0.010617	-0.010047	0.001916	-0.018489	-0.003781	-0.012585	-0.010410	-0.005490	0.021389	-0.001295	0.014346	0.009063	0.019162	-0.034026	-0.016987	
