505	24	1931
2326	37	2712
991	46	847
759	104	3726
505	24	120
3616	30	1342
3616	30	2962
1214	75	972
29	53	314
224	159	3641
505	170	41
2649	46	1416
224	159	2407
29	94	1087
505	175	120
3616	132	107
1200	199	3408
3616	30	3452
1896	86	992
3616	30	595
505	180	662
1069	46	1416
2574	235	222
3616	30	1879
2274	11	1087
3029	159	1188
29	53	662
3616	133	809
2585	46	2577
29	53	2626
3616	30	3307
656	16	2511
505	180	120
546	75	3669
991	123	847
2649	46	1059
3133	46	715
3616	30	2451
3312	46	1223
3720	11	1874
1896	11	2084
1896	94	2084
3616	148	107
3610	83	3424
1127	266	2250
3134	271	3089
2345	94	393
1200	76	1173
1296	279	365
3277	46	3290
3312	46	475
2574	235	2216
3616	30	1701
1200	288	799
3616	30	2547
1588	11	1087
3616	30	784
674	46	1059
1075	46	2230
3720	71	3356
2574	278	345
674	46	3438
1200	35	2063
3706	126	968
2585	46	1416
674	46	368
1075	46	402
29	11	1087
82	150	354
991	37	847
3195	0	2373
3720	94	1874
674	46	1050
1255	24	1182
2970	35	2825
656	9	2511
674	46	2816
505	175	1931
546	75	1551
1075	46	2684
3210	371	307
3720	53	910
2345	11	393
1144	49	1707
1075	46	3320
100	384	201
1214	126	1788
3223	278	712
2974	51	3183
674	46	2772
1560	406	3057
674	46	3140
1560	153	2250
656	39	2218
674	46	326
29	53	151
2574	278	222
1255	175	1182
3277	46	3280
100	384	1452
1588	94	1132
3277	46	1416
3660	46	2567
2900	94	1762
674	46	311
82	247	960
1075	46	1223
2627	46	3438
1560	159	1515
443	46	2772
546	272	177
546	75	652
29	114	2434
546	75	26
2323	53	105
1069	46	2272
367	260	358
3134	46	1502
546	435	59
2690	63	2819
3129	11	1022
3546	94	421
2763	63	715
3546	11	421
935	63	2216
3134	334	1202
2759	63	715
174	46	475
656	75	2817
82	198	354
1934	16	2001
1353	266	2250
3521	37	1227
1075	46	1226
2566	46	1416
2970	131	751
2574	235	712
3515	278	2788
115	194	363
674	46	1988
3610	12	3424
983	414	1050
3515	461	522
3515	49	222
3237	46	1416
1971	46	1416
345	278	2384
3134	99	1125
2627	46	393
422	153	2250
2626	11	2712
656	75	3020
28	16	3740
355	389	944
656	63	2819
82	198	3452
115	483	3524
2805	235	712
3355	46	1416
392	387	848
2539	220	1153
2626	53	293
3223	46	457
2574	278	459
1538	46	2816
24	94	1188
2574	235	2819
847	46	1416
53	15	2538
3610	121	3424
1185	49	1297
3134	334	1022
2360	46	1416
1762	504	620
1029	46	1416
1889	506	2232
1185	46	3036
2574	278	2819
3083	11	466
3507	46	325
3134	334	2955
2743	46	1416
3458	37	992
367	46	1416
1130	235	459
2970	300	2538
345	46	470
2231	11	166
2626	86	1087
3134	99	1502
1604	512	210
646	11	245
1604	131	2078
1130	235	715
1075	46	2818
2713	11	3520
3676	272	741
546	75	467
924	75	67
2697	46	1132
884	46	1050
2935	46	1416
2574	46	470
1235	11	992
3129	86	1022
2626	66	29
3684	524	1062
355	94	1198
100	384	1720
1580	63	712
24	11	1188
919	46	1416
2648	220	2878
2976	107	1227
1255	24	3775
1075	46	2262
3458	440	2512
2993	46	352
884	46	2919
884	46	881
3588	16	2101
2378	46	2816
2653	46	1416
546	75	1286
3705	63	2216
2539	46	2542
855	46	2878
3223	235	222
2976	107	712
28	53	1684
3487	109	352
2292	541	783
2551	46	1416
923	46	1416
2626	276	578
3133	46	1375
1075	46	475
3487	46	1375
252	63	3003
3674	30	1342
2725	46	1416
2030	199	2494
28	126	829
3635	11	166
2539	46	1153
574	46	1416
1107	46	237
367	323	1662
3684	515	2460
2725	99	664
1207	46	1416
355	26	3581
425	9	3054
1130	235	222
3237	46	311
2039	107	752
2297	46	290
1284	104	913
1207	46	1762
1976	11	1223
2574	46	3515
1604	154	1363
3223	278	305
3249	46	2878
3208	11	1087
3696	11	393
2574	235	345
1185	46	84
355	336	3079
1194	272	1195
1487	414	326
853	11	166
1130	278	715
290	46	1527
2296	46	1416
28	53	234
2970	230	779
1015	114	2434
345	278	352
2900	11	1762
2189	11	3403
1873	86	2816
3134	46	1416
60	59	1589
610	22	1338
3458	401	2512
2835	46	1416
1402	387	848
2039	107	712
302	323	284
39	86	166
3674	90	82
100	384	2183
983	46	1050
348	546	2257
761	90	3523
355	389	369
150	11	166
3223	278	222
2042	63	345
100	384	2302
3134	143	1502
3134	143	1125
761	30	784
1185	426	3323
1905	126	2878
425	16	3054
1696	99	284
3223	235	305
2295	46	1416
2361	589	164
2323	11	2659
2588	46	1416
3635	94	166
94	135	19
2633	59	3135
2098	591	3094
94	117	19
2323	25	2355
100	384	2259
610	22	473
2039	37	2794
923	46	1858
100	384	471
100	384	1014
3223	99	490
1609	46	367
1851	46	367
28	75	61
3208	94	1087
453	46	2816
2627	46	1416
345	278	222
100	384	1435
2976	107	2794
82	150	3452
3454	37	2819
528	46	311
1130	235	764
1934	94	1087
2415	235	222
3515	46	470
2278	11	992
100	384	569
100	384	696
2648	69	1898
3692	110	1736
3691	46	439
3661	3	2216
2736	333	196
345	235	222
1819	11	2712
1539	46	1375
2976	107	2216
148	114	2434
1029	46	475
1011	46	470
1487	46	1416
2460	592	3684
2323	66	678
1934	9	2001
28	94	829
251	86	2712
1235	94	992
1015	75	1936
251	39	751
3181	414	367
1185	613	1297
2976	107	329
3631	76	751
188	7	86
249	75	1274
1255	11	2712
3515	278	712
39	11	3154
3095	88	3614
766	63	715
100	384	568
100	384	1324
28	75	299
388	9	3688
1566	37	1087
1075	46	745
3515	235	712
1413	46	1416
2970	230	3186
2805	235	222
2030	35	2825
1000	46	1416
250	94	1853
3376	46	1416
3129	94	1022
3515	49	345
1971	46	3036
1567	37	828
3307	129	1110
1550	46	1087
2415	278	459
100	384	863
1267	46	1416
2046	46	1416
100	384	196
148	11	1762
1750	235	712
3040	46	1358
2297	46	1416
2095	46	2082
1130	278	712
1094	9	1903
3676	11	2972
310	99	2785
2431	46	1416
2968	46	1416
1015	94	1087
2415	278	2819
3289	46	3432
291	7	108
1389	159	1188
2943	63	458
1611	46	3056
2993	46	342
2140	59	3575
2976	107	277
1725	220	1527
28	9	3740
100	384	1556
2935	46	1059
1823	94	1227
1165	94	3641
3691	305	84
2321	46	1988
2415	46	457
1870	11	1087
686	63	1420
2697	46	1087
1130	46	1414
2805	278	1227
2407	333	1841
767	37	466
1689	46	1375
1075	46	1070
2743	46	2731
251	14	2970
1092	63	459
3515	235	1757
2027	46	1416
2415	278	222
2277	142	2700
53	12	2226
3289	46	2659
2535	46	1416
2535	46	1527
1727	126	1988
1655	66	1195
493	49	2348
476	414	1125
610	22	960
2415	278	3483
1732	11	1087
1185	160	112
3195	0	1594
1539	235	2788
2976	107	302
2407	333	224
3223	235	712
608	11	745
1550	46	1132
853	94	166
3246	11	2877
2910	9	1903
1023	26	1311
148	117	261
608	94	745
355	336	369
3507	109	325
3038	379	2419
1015	9	47
1934	11	1087
355	336	944
82	247	3674
150	126	166
2297	46	1527
422	159	166
883	46	1416
1509	46	1416
2690	11	481
3051	11	2246
599	333	1439
168	11	166
93	387	848
2910	94	3355
291	7	1771
148	272	1076
2958	46	1050
1975	11	2096
1165	11	3641
919	46	3438
1022	333	1652
2292	117	1182
781	49	1548
345	336	3515
2713	94	3520
2448	46	368
2736	414	367
680	11	290
511	53	1655
923	414	1858
2666	96	1819
3016	154	283
3141	46	2407
940	126	2712
2034	37	345
883	46	1050
1888	46	1050
2039	107	298
250	11	1853
355	389	3079
864	159	2878
2030	35	1481
425	266	2250
1366	46	542
3474	46	2814
1962	63	305
1415	37	2794
2448	46	1416
2040	107	752
3019	26	2373
2040	107	1414
3515	49	2819
2300	46	1375
2292	541	2715
85	336	107
3355	46	475
1356	46	1360
252	244	3614
1762	333	626
1000	414	1858
2300	46	1696
3395	153	2250
2535	46	1418
2555	46	1416
3588	9	2101
251	51	2970
28	75	690
100	384	864
2415	46	714
2727	46	1416
1142	86	1123
1487	46	326
3016	322	283
443	46	1416
2342	46	3432
847	333	2569
2889	46	1416
2713	63	1227
847	333	1007
3631	35	142
3463	46	1416
1725	220	1132
1732	94	1132
2460	680	3684
2296	46	2298
1053	46	475
1446	683	1447
1725	46	1527
2315	63	2216
174	46	427
1130	235	345
3243	0	1594
1272	46	1416
9	371	307
1957	46	475
2805	46	497
3655	46	393
3009	46	385
2563	11	166
1328	7	979
2889	46	3280
1261	11	1087
30	63	2216
355	11	1198
2360	46	1059
1015	16	47
611	11	1597
1105	46	1416
2023	11	130
1384	11	745
1591	46	3438
3684	463	793
1384	94	745
2976	107	731
1159	46	1416
2946	46	1022
2128	241	1481
2167	46	1416
1373	46	3140
253	94	1980
2570	159	386
2415	235	712
2030	322	2825
3344	7	2538
1926	94	1223
546	75	58
1130	46	1375
345	235	2384
2460	517	3684
3748	35	3188
3629	94	2712
2961	126	222
1228	46	1416
3199	46	3280
3325	67	1223
2474	46	1416
302	235	712
1604	199	3408
477	4	2369
2198	584	1909
939	279	365
1029	46	427
3360	46	475
3395	159	393
1413	46	367
212	11	1874
355	389	1543
1261	16	2094
887	37	801
746	387	848
983	46	1416
345	46	3515
857	46	342
870	336	892
3588	11	2712
2496	11	1188
528	46	1416
3674	30	1879
2460	90	3523
3343	46	1988
2805	235	1227
3507	46	1375
2093	152	2094
2794	46	1375
2584	46	1416
1719	11	2084
845	126	1087
1690	63	342
1471	266	2250
148	75	3
1609	562	992
2421	46	311
3684	463	2460
599	46	1059
2643	11	2841
3544	11	393
2793	99	490
3253	0	3610
1515	414	367
652	75	546
3503	126	571
1905	11	600
3663	63	2819
2516	11	2841
2039	107	342
652	75	259
2752	63	222
28	75	1222
1227	711	2292
251	126	2712
2736	46	367
3487	46	352
94	135	90
3530	46	3036
53	15	2226
1689	46	715
150	94	166
529	11	3175
597	7	2019
3688	12	407
2095	260	2082
2469	46	1416
2779	46	2407
3649	11	1685
3692	169	1736
619	53	105
39	175	273
1523	94	2979
211	63	345
806	63	459
3343	46	1416
1865	63	345
1611	414	3056
2725	46	664
2637	266	2250
28	75	253
1762	333	3085
2460	666	3523
386	333	2183
2976	107	2384
1891	9	3592
3253	12	2498
290	46	1416
2736	333	2857
3111	46	1416
358	46	1416
453	46	1416
3181	46	1416
3599	22	473
2944	94	1686
28	11	829
2690	86	481
2074	46	1416
476	46	1416
1130	235	712
3343	46	3171
2402	114	2434
3649	94	1685
1820	135	1210
1364	258	751
249	170	41
1130	278	459
870	51	1200
338	278	715
23	126	2715
3246	266	2250
2925	49	2827
2995	37	2712
28	75	1493
1272	46	427
2166	46	1416
3748	35	2063
3684	592	793
2506	729	2250
2793	348	814
537	46	382
432	63	1227
94	135	116
2246	46	1416
1976	730	200
2633	266	461
3040	260	3039
619	66	1269
1820	117	1210
1076	135	261
329	46	752
3074	159	3073
3007	498	954
358	46	367
1227	278	712
1022	333	1720
3527	46	475
2415	235	764
3199	46	1416
2960	46	3316
178	46	1416
148	135	261
255	46	1375
1891	63	2784
2692	66	1507
2292	541	1227
560	159	571
3544	126	393
2227	46	1123
2542	260	1153
746	447	3523
2407	46	1416
2673	46	1416
178	46	368
3101	46	1416
2743	46	2084
3253	10	475
2680	11	2084
2832	46	2841
864	735	1901
2807	46	1858
2757	51	3016
345	278	712
3691	46	3036
345	278	2819
3520	333	2220
2129	11	402
1976	94	1223
3356	12	433
2685	63	2784
53	15	2209
946	159	2801
3684	641	2460
2286	46	1059
1191	132	42
1373	46	954
1719	94	2084
3016	300	601
1819	192	2666
3356	15	3718
3366	46	1416
2342	46	1527
1826	126	2841
1227	235	712
3300	94	2935
3684	443	1062
53	12	2739
2261	35	1481
1870	94	1087
1611	46	1059
1022	333	1082
433	9	3356
3515	145	470
3748	35	1481
502	16	2700
1591	46	1416
1227	336	331
3719	94	166
2482	37	345
310	46	2819
3688	12	1427
2807	260	2806
2292	135	1182
1820	117	116
1836	11	1223
2228	232	390
69	46	1416
2515	94	2096
1361	46	1125
2348	11	1733
94	135	216
2406	39	2218
2287	46	1416
2963	98	1555
3325	67	2818
1891	272	708
134	90	42
1872	46	1087
1124	626	3129
2419	645	3011
2242	11	166
3129	747	1124
107	164	1528
671	46	2295
476	46	1125
2727	46	664
2348	94	1733
2628	46	1223
1750	235	764
345	235	712
3629	11	2712
1416	99	55
107	426	1055
2212	232	2211
2159	66	1707
3174	46	1416
3328	260	3068
2673	309	1624
1269	11	1087
465	46	311
3429	414	417
2736	46	1416
3543	66	1269
107	426	1528
1905	126	2772
23	63	2715
53	12	2209
1297	11	2809
3070	46	367
94	135	1647
671	46	3264
1147	145	1420
712	278	1582
1344	37	345
260	266	2250
2952	37	1059
3101	46	1988
386	333	2570
53	15	2739
2448	46	382
2687	46	475
1022	46	1502
1785	46	475
2485	37	1087
53	12	2538
1343	46	1416
2292	11	2712
712	99	3120
3310	305	1762
2321	46	1416
619	94	1223
2474	46	2467
1539	278	712
2841	333	3383
2209	9	53
493	160	1762
3569	30	2449
2672	37	1087
745	46	475
61	75	690
1417	414	367
491	46	664
3574	11	2712
3429	46	1416
870	14	1200
781	37	1686
1723	67	2216
2417	645	2420
255	46	1539
302	46	1414
294	11	166
53	10	1146
2114	11	1662
1227	323	3520
2628	46	475
361	11	1188
1224	37	1087
2417	645	1795
2545	46	84
407	75	1551
2040	107	2788
1273	75	1573
2716	7	514
2348	336	493
165	238	720
1076	16	3592
1696	46	1414
2227	220	1123
846	220	256
2976	107	1465
2358	63	1227
1888	46	1416
2910	16	1903
407	16	1903
3444	11	1204
3347	220	1686
1284	446	913
1076	9	3592
2218	300	2406
2151	382	3614
1007	769	3030
966	22	473
2516	94	2841
78	9	3592
2292	541	2216
1655	66	511
3575	11	166
3101	260	3100
3688	15	623
2761	63	715
1076	11	1022
18	244	3614
1872	46	671
3039	46	3040
3253	15	2498
1655	53	308
101	220	1527
1820	135	1647
2140	11	166
1333	186	1913
2892	63	2216
3631	35	1663
1198	46	457
3710	114	2434
2947	190	1553
2615	22	473
2671	37	459
3427	135	1768
3691	46	475
583	94	166
358	414	367
575	94	2282
302	260	284
3688	15	1427
3066	350	222
1094	11	1022
702	59	2209
720	781	812
101	46	1087
345	235	2819
2021	498	2841
1891	16	3592
3253	10	1223
791	666	3523
1820	135	116
1141	46	3438
1604	35	2063
3154	46	427
1639	94	386
2839	46	2841
105	66	359
2218	300	309
2407	99	226
1022	46	1416
2046	46	3026
1220	12	3125
3087	11	745
2159	110	1587
2129	94	402
1858	260	968
3141	46	1416
3520	46	1227
1328	7	1329
2218	154	283
1087	378	1327
2501	344	1435
978	63	2216
69	46	1050
3087	94	745
2584	46	2814
2977	11	166
3740	15	3718
898	46	367
2599	46	3036
2405	37	715
2562	46	475
2185	11	2567
1272	46	475
691	16	1463
2448	378	2206
105	14	2385
105	66	619
583	75	299
1767	175	3427
105	51	2385
1609	562	367
3486	339	1223
1700	22	1338
2128	199	3183
741	272	3676
3574	94	2712
1020	11	166
3688	12	163
1105	46	1104
2746	46	386
302	278	712
2607	37	1227
2159	53	120
2470	46	1416
168	24	842
1362	241	2996
2448	414	368
2375	46	1416
619	11	1223
1094	94	1022
590	11	745
2101	21	179
433	16	3356
1130	278	342
2419	645	3038
908	9	1815
3335	37	1661
1523	53	2180
302	235	2819
196	476	1330
1851	46	1416
2610	11	745
720	781	164
384	11	571
2819	235	222
250	126	1188
2553	11	1851
543	796	369
2689	94	1597
2250	152	3054
2976	107	1079
745	333	1945
3066	145	222
3740	12	234
846	46	256
2189	94	3403
2157	94	1087
1373	220	954
3709	16	3291
1725	46	1132
1067	235	712
1604	131	724
2344	46	1125
2151	278	712
1762	46	1416
308	53	2100
684	11	166
3154	46	166
1858	99	226
3395	311	2940
174	46	1416
308	126	2712
3691	305	2684
1012	46	1416
2425	63	2216
2946	46	1502
601	86	1597
1118	46	2126
3265	11	1853
2264	11	599
2365	46	367
3360	46	1416
1162	698	2302
3449	46	1416
1125	46	1202
2022	46	3036
2597	11	1662
1785	46	1416
100	384	200
2509	46	1416
1022	46	1018
2476	46	755
598	46	2772
1655	66	314
1639	11	386
3511	160	2816
1228	46	2043
3586	69	2712
744	63	715
3154	46	1416
1609	220	992
1173	131	2078
151	66	314
3086	11	3073
3130	46	1416
2563	94	166
2470	46	3366
85	803	3513
1331	98	3452
3320	46	475
388	126	358
2577	46	1416
652	66	359
1655	126	1188
3397	15	872
2151	278	715
681	46	1416
2476	46	1416
1790	12	922
527	266	2250
2528	46	311
3172	46	3171
3417	46	417
1851	414	367
1911	11	2380
1264	272	971
1485	37	345
1094	16	1903
3673	22	473
3673	22	1338
3261	808	369
3302	46	3299
2425	63	222
1611	46	1416
599	46	1416
1702	129	1710
622	94	166
278	266	2250
2567	46	1416
767	82	1058
90	59	1210
3302	46	1416
791	90	3523
2643	94	2841
1539	235	712
3259	63	222
2146	46	311
3661	10	2216
1651	63	325
1261	9	2094
1652	159	705
864	476	1900
3364	153	2250
1261	94	1087
2159	169	1587
568	735	576
473	30	2450
386	46	1416
541	46	542
910	11	1762
3328	323	2740
2866	46	1059
1520	260	1515
1523	11	2979
2633	698	471
3072	46	1416
1381	278	712
3042	46	1416
2140	24	3670
1700	129	1879
2774	46	2407
1855	46	166
3344	556	2712
3026	46	326
105	66	910
3428	46	2744
308	66	1655
256	378	846
2014	46	1416
3499	11	1874
1241	126	84
315	348	2718
2689	26	3581
1328	7	18
3691	305	166
1356	46	1416
1025	46	3036
2344	46	1416
253	75	124
67	75	1240
2837	46	475
1278	7	3605
720	819	539
2494	76	1663
2473	46	1416
2286	260	2287
910	94	1762
1435	311	1436
533	11	954
3053	266	2250
192	387	848
3734	16	1033
2225	126	393
2149	311	101
3688	15	407
473	30	2455
473	30	3599
2161	126	290
3544	94	393
39	24	273
745	333	2581
711	46	1416
2092	46	497
1730	75	2097
1836	117	1835
2137	159	498
1655	66	91
1148	94	571
1777	11	166
1018	46	1416
252	11	3003
1141	46	1416
2416	230	2852
2711	46	311
1836	94	1223
2358	126	3520
822	46	1416
3217	46	367
2749	46	417
1323	11	600
819	66	3540
1705	22	473
960	30	3452
2616	22	473
815	11	3403
2807	46	1416
2327	160	3003
1828	11	2084
328	117	2986
310	46	470
2159	66	2
3044	153	2250
2616	22	1338
583	11	166
767	37	311
1797	86	1223
1696	46	1375
812	72	694
3486	319	3288
1582	235	712
1430	126	166
2039	107	3003
193	46	3036
2986	274	328
652	53	910
2093	835	385
1426	11	166
1406	63	1661
3486	339	745
2291	37	3355
1835	175	1836
3486	46	475
1945	159	745
2093	16	2094
1659	46	352
455	46	1087
1593	46	1050
300	46	1416
388	16	3688
369	49	355
2012	36	47
3007	69	1373
1421	11	1762
684	94	166
2597	94	1662
2092	46	475
242	46	1418
3397	7	872
90	59	216
1737	24	15
338	235	712
2749	46	1416
1903	15	407
193	46	199
2653	46	1059
1549	107	1988
1210	59	19
2467	46	1416
1533	46	1416
3397	12	390
1926	11	1223
3688	12	234
1117	46	2712
155	63	1227
2956	11	992
329	348	340
3428	46	1416
390	9	3397
901	46	1018
2320	11	2802
1284	290	913
3264	46	3280
779	241	2970
2419	181	804
1787	75	1786
3181	46	367
3688	15	3
2146	46	1416
2146	46	2145
3094	849	2098
328	11	2771
1125	329	3752
3570	46	1416
3111	46	326
1539	278	715
293	53	120
783	235	712
599	333	1972
2718	109	315
2100	66	308
910	66	359
901	46	1502
896	46	1416
2250	142	3054
94	11	218
269	37	1509
2046	46	326
1997	53	662
1901	730	864
1834	46	311
338	46	752
176	46	1416
2794	46	752
1430	114	2434
1243	11	2878
1626	126	1188
2448	414	382
1345	37	1087
386	46	2126
1220	15	3125
210	300	1913
827	37	824
39	94	3154
1251	202	2216
2193	46	1059
1404	16	3054
2286	46	1416
1284	556	166
1532	46	1416
1337	46	475
1262	46	1416
1754	46	1416
3726	6	759
745	46	1416
3671	63	2216
3688	12	623
797	46	1416
586	7	29
960	30	1342
44	37	1527
176	46	475
1509	46	1502
946	735	616
302	46	1375
90	11	166
2716	7	506
2209	59	702
3691	305	218
1000	46	1858
568	582	2258
600	46	1416
3467	11	745
1984	235	712
1741	235	712
107	49	85
1210	59	90
1931	11	1874
1520	46	1416
1788	46	1416
1984	235	2819
3691	305	2230
1261	39	3402
3356	15	433
539	857	720
2317	859	2149
2776	384	1560
992	414	367
1570	169	1587
960	30	1001
1750	278	764
1984	278	2216
1532	46	2816
510	46	1416
834	46	1416
2275	63	345
1220	10	1087
977	94	1087
2430	132	107
2674	46	1416
1655	66	308
168	16	1220
2916	37	2043
259	53	105
2157	11	1087
1418	46	1527
3324	46	475
1356	46	475
609	631	1355
2738	126	1188
3247	63	1227
2209	16	53
1836	135	1835
329	278	754
2776	384	1716
116	59	19
1338	30	3452
939	86	1611
1984	46	1375
3313	305	2747
2926	46	470
116	175	1820
3527	46	1416
764	46	1375
233	352	2357
3575	24	3670
2757	11	3403
3501	7	651
328	180	2986
1515	46	1520
3313	46	1858
2517	75	2438
2509	46	1527
536	266	2250
305	278	459
2419	645	3094
1727	126	1188
1750	235	2788
1820	117	1647
2910	11	3355
2228	12	1913
1767	94	166
557	63	1227
2431	46	3645
707	309	2216
2986	180	328
1954	94	130
275	9	3740
3473	46	1416
1123	46	2126
2757	94	3403
382	46	1416
310	99	2819
2130	7	2129
992	46	1416
1539	278	2819
2982	94	1188
797	46	1988
5	46	1416
18	389	1328
2620	46	1416
1105	46	3280
1730	63	2216
2077	241	905
3135	59	2633
2064	7	3020
302	235	345
299	94	1853
386	414	2126
329	278	715
382	46	1650
1417	46	1416
168	94	166
2074	46	475
2715	382	3614
166	46	475
3659	46	2577
1337	46	166
3330	46	2096
3376	46	3280
3313	46	1059
2860	260	2861
1213	11	284
2293	46	1416
259	53	910
1123	414	2126
1485	107	2011
1984	235	345
1931	135	505
329	348	324
1750	235	715
1801	220	385
1454	11	402
2519	387	848
210	199	1604
2548	46	1375
5	46	3280
3483	235	712
1609	46	992
2210	46	1416
3688	12	388
1767	24	3427
814	46	457
3530	46	1416
2622	46	1416
178	46	183
1366	186	1367
2716	7	977
2035	63	1661
2271	46	326
298	235	459
2239	46	1416
1606	46	1416
2793	278	345
1279	63	345
1269	53	1847
1858	46	1416
2912	11	1874
1780	153	2250
155	135	2436
1806	46	1223
241	77	1460
212	94	1874
2095	46	475
1520	46	367
3642	336	1409
2818	333	3005
1767	59	1768
2228	15	390
2957	46	1416
966	22	1338
3008	46	1416
2982	11	1188
305	235	712
598	46	1416
814	109	2793
3442	11	571
101	344	3251
177	272	546
3429	46	417
302	278	3003
754	278	345
2715	46	3448
3100	46	1416
2407	323	3641
1548	39	3402
147	46	1416
1903	15	2910
467	75	546
3372	26	3581
2398	11	2972
1243	94	2878
783	711	2292
2228	12	390
2174	414	2272
3255	46	1416
2572	46	1416
2151	278	1661
1898	46	2772
2407	333	1388
3035	11	393
1848	46	1416
3316	682	2960
2841	333	696
1485	107	470
2224	11	2084
3291	15	1285
158	94	1662
764	235	712
3328	46	1416
2750	46	417
3319	46	87
1236	94	1223
2334	126	1223
3313	46	417
47	12	2688
2793	235	303
700	11	2747
2637	11	1762
168	175	842
2816	329	3752
2689	11	1597
116	24	1820
2517	11	166
1477	125	305
2180	94	954
1402	37	3403
1624	46	1416
691	126	393
3389	11	1611
906	117	1752
3327	46	1416
2363	378	2766
2689	126	1597
1183	46	1416
1593	46	1416
2413	727	2363
555	11	1087
2817	75	656
3331	11	3131
1468	63	222
1903	15	1902
1264	126	2397
1018	46	1502
2695	126	166
3429	46	2744
907	126	242
2875	46	1527
428	9	3054
3325	67	2083
3614	29	323
797	414	1988
536	11	1874
3226	46	475
1903	12	407
2687	46	1416
151	66	29
1264	53	662
1816	126	830
1117	220	2712
867	66	420
712	235	1227
192	37	1611
1624	293	3614
3310	46	1762
2902	11	1087
3360	46	427
1650	46	382
2385	35	142
2517	75	1827
491	46	1416
466	333	1716
2096	46	475
2777	780	904
1649	63	2216
1438	344	1014
1823	63	1227
3734	9	1033
1903	12	2910
1853	414	1988
2955	46	1416
712	336	331
2285	160	1087
3154	46	475
724	322	2825
1492	7	832
751	206	1364
2088	46	475
1607	126	2747
1820	39	3402
502	16	843
707	682	3228
2795	46	2793
1750	278	712
2095	46	1416
1528	651	3616
2358	272	6
3691	305	130
1638	11	1980
428	11	1874
3570	46	3036
3478	11	2878
2271	46	1416
3520	73	1227
1614	37	1988
764	235	459
61	75	28
1338	30	784
108	94	1022
166	333	2571
3036	323	84
3356	10	475
3486	46	1223
61	11	403
1611	414	1050
3775	135	1255
437	126	290
1438	344	442
2746	46	2126
107	496	1231
1331	22	960
2045	11	1874
3472	492	3296
2591	323	1803
1770	126	393
2218	300	656
3040	46	1416
1239	94	1874
2202	46	3036
2817	11	1874
1677	46	1416
3121	46	475
328	126	1087
1484	46	1416
1269	94	1132
1338	30	3673
2180	11	954
3451	7	1648
3553	11	1087
509	46	1416
1777	94	166
764	235	715
3397	289	152
298	235	712
1539	46	1414
2202	46	1416
17	46	3280
3763	94	3154
1937	63	1227
712	46	1375
2988	46	1416
1218	46	470
1495	9	3592
1515	333	1560
3394	153	2250
1517	46	1520
2692	66	835
2609	22	473
2066	46	1059
2952	37	1611
1394	387	848
1685	46	427
1771	11	166
1693	46	1416
3688	15	163
1056	46	1416
2123	46	1416
1799	46	3036
3316	99	664
473	30	3452
3511	37	166
965	37	1223
3263	46	2814
253	11	1980
80	247	1026
1660	46	1416
2519	37	2216
84	333	2856
2101	15	169
1858	323	968
1650	46	2841
1417	46	367
2209	63	1227
1965	46	326
2169	897	1066
2947	426	604
1874	46	1087
1830	16	2511
2348	51	3183
1974	37	2216
97	37	1125
986	46	1416
371	22	1338
1989	333	2302
1874	46	1416
1554	11	1874
1409	107	222
1608	11	1087
1537	46	2816
3189	46	1416
1561	266	2250
1402	82	3665
168	9	1220
3160	11	1611
1006	46	1416
1917	175	506
328	135	2986
3323	194	1185
2432	126	1597
1202	46	1125
822	46	439
166	378	1783
1548	26	3581
3382	46	1416
2457	96	708
1220	15	168
465	46	466
442	311	1438
1267	46	1059
3120	99	712
1721	139	1621
2718	46	315
2541	46	1416
2501	46	2841
571	333	568
2962	22	3616
1205	46	1125
3668	46	1416
1346	81	3614
3316	99	475
3316	46	1416
233	272	618
122	48	75
460	372	466
328	94	2771
1803	46	2591
1006	46	542
2473	46	3366
386	333	2184
2877	46	3438
1730	75	1466
502	9	843
1087	46	2659
677	11	242
502	9	2700
185	126	166
2477	11	182
1234	126	2841
3141	414	2407
1481	898	142
339	46	2788
2040	37	2794
2211	177	2212
338	278	459
502	272	503
322	46	1375
131	126	166
2033	59	647
3004	11	655
671	46	1527
663	94	245
1982	46	1416
2909	46	752
2836	46	2841
1094	36	1903
382	323	2448
2330	907	1035
2960	46	1416
193	46	1416
477	132	2369
540	160	475
2417	645	2422
3688	15	1595
2955	46	1502
2501	344	1743
183	260	178
2977	94	166
203	46	1416
2953	387	848
2774	46	1416
1205	46	1203
872	16	3397
142	131	2078
2841	333	1743
2501	220	2841
2207	11	130
3049	94	745
2678	46	457
2416	230	3233
375	86	166
2342	46	290
226	161	2673
532	94	393
1539	99	2789
2819	99	310
1204	46	1203
2322	63	2819
2101	10	2712
1737	59	2394
3008	46	301
1626	75	3708
1419	37	2363
47	12	1015
1672	46	1677
3688	15	234
1648	63	1227
2882	11	1272
1190	613	2307
1650	333	696
3007	498	1373
129	613	2493
2679	414	2407
3730	66	1507
315	46	3515
1648	272	1268
635	11	358
1911	94	2380
1188	333	3029
2735	46	367
2673	285	1624
129	49	2493
2154	46	1416
875	46	1050
3775	75	3296
2197	11	2957
1853	46	1988
3767	11	1087
2548	46	277
3482	46	1502
2643	336	2741
2619	46	1416
535	266	2250
1737	11	1087
3035	126	393
2842	94	2957
3402	154	1363
2735	46	1416
576	11	1205
1381	235	712
1924	11	571
1378	235	1661
2211	94	1087
277	46	1375
2151	235	712
3174	46	3171
1533	260	1534
337	49	336
3159	46	1125
2101	12	169
2061	46	1059
1784	37	393
398	46	386
671	46	3277
2841	333	3505
152	37	1087
2863	382	3614
2819	235	345
2293	46	475
1269	53	1268
1117	339	2712
812	238	720
2151	278	222
2440	46	743
3099	46	1502
226	334	3641
3748	35	2825
2009	334	38
652	192	376
1285	9	3291
2680	94	2084
898	46	1416
3688	12	3
3519	37	345
1611	46	1050
1746	46	1416
2863	278	1661
1810	94	824
3	16	3688
3186	241	2970
1270	11	992
1142	11	3225
3740	15	167
1455	11	242
3688	12	1595
590	63	712
2794	278	712
202	384	2581
1168	11	2655
2679	46	2407
741	94	1087
1750	99	490
3003	109	712
1537	46	453
1577	46	55
1280	11	2127
2359	26	1322
2320	94	2802
3345	46	1988
3446	159	1662
2133	94	1662
342	278	712
3100	46	1988
1815	10	475
143	66	2854
2561	94	2562
3424	9	3610
3598	22	473
3748	206	779
571	333	560
3641	414	2407
140	86	166
2082	46	1416
1840	923	2569
3338	11	705
1716	159	466
995	159	3403
1812	46	1416
1399	46	1416
2101	15	3588
129	44	160
2411	278	712
3383	159	2841
3314	199	3408
3449	46	367
3397	12	872
2860	46	3036
3007	498	3140
3697	199	3631
2656	46	1416
1752	94	2166
459	278	2216
2938	46	470
3017	46	1416
2408	94	1087
2581	159	745
3719	11	166
2948	46	87
1297	336	1185
2841	46	1416
3072	46	1358
1220	12	168
3452	22	473
2049	46	1416
227	11	197
3402	300	3730
959	107	1757
555	94	1132
1825	46	1416
1378	235	1381
1366	46	1416
1903	15	1094
3010	11	3376
2040	107	1227
2680	126	2084
1361	46	1416
3371	46	1416
441	37	1087
2342	46	1416
2515	11	2096
2841	378	2501
458	46	457
2229	305	2082
1425	933	2392
3129	53	1622
2957	46	1597
1608	94	1087
2338	160	386
1285	94	1662
1087	333	569
2700	21	2277
3383	153	2250
3702	46	1949
3740	12	709
712	46	1326
1601	37	778
1668	276	1669
1153	378	2539
787	322	283
1575	11	3403
3175	46	1416
832	86	166
696	159	1650
1210	94	166
908	94	393
575	11	2282
2863	278	219
1188	46	1988
964	37	166
2215	11	3520
2794	235	712
1381	46	457
2958	46	1597
105	66	259
2692	94	1874
877	46	1416
2212	10	1087
3424	78	3610
1813	155	497
2012	11	2467
2275	590	265
2842	114	2434
3081	11	2659
1431	63	2216
1343	46	475
2439	938	3513
736	37	1272
3303	94	1365
211	11	574
3668	46	475
2989	46	1416
1533	46	2816
484	123	476
76	10	2216
140	11	1238
3271	46	1527
1153	46	2542
107	164	2430
1363	512	3408
2007	135	235
2012	94	2467
3318	46	470
2381	46	2816
1515	46	367
3013	46	1358
1872	46	1132
1750	278	1227
1776	46	671
80	483	2446
1363	512	1355
2616	22	3616
1056	46	2272
2658	46	755
2411	278	715
3213	94	2082
2248	730	2247
2330	939	3150
3352	468	787
2702	63	222
1957	46	1416
3057	923	1560
1657	94	3525
2088	46	2095
2331	46	1416
3286	82	1038
2778	46	2407
2547	22	3616
3643	94	1223
2492	46	2407
1327	220	1527
2060	278	778
3308	126	1227
3286	387	848
2012	9	47
2298	46	1416
3675	46	84
2828	11	2822
165	72	164
1993	63	302
2271	46	1125
830	46	1416
329	46	1375
311	46	1416
1700	22	473
2125	46	2126
2793	46	457
2890	94	171
108	11	1022
892	37	1087
318	46	1416
724	35	1604
336	63	1227
467	26	3581
959	107	222
2821	11	2822
694	942	1068
1750	46	457
375	11	1686
663	11	245
2009	143	3036
2290	46	1416
2309	46	1059
3174	46	1988
1327	46	1527
477	277	2369
2650	46	705
1110	98	3307
3136	266	461
3479	126	453
2002	387	848
2894	46	1416
829	46	1416
1481	131	2494
473	30	3598
3150	808	2330
93	160	3403
3611	126	1662
3005	159	2818
1600	11	197
2212	12	2211
2684	46	475
3136	63	459
1479	94	2659
360	46	783
1577	46	1757
1814	728	3614
359	53	2912
3109	933	2392
741	175	15
3540	53	819
2958	46	1416
1750	278	715
371	22	3616
3276	46	1416
2688	9	47
107	426	77
458	278	712
591	94	1087
2399	220	2712
3474	46	1416
1652	582	2258
2373	0	3195
2176	46	1416
84	333	1083
442	159	393
745	333	1452
1210	11	166
572	11	1183
1686	378	1682
97	160	2712
1238	46	1416
14	94	2968
2536	37	2819
3463	46	3056
2793	278	222
2161	126	1874
778	278	715
3554	46	470
473	30	2456
3314	199	1604
45	46	1762
947	37	3438
3512	11	745
323	278	1624
2001	21	3713
445	63	2819
1799	46	1416
1750	278	459
2226	9	1288
1827	75	2517
2820	414	542
720	951	694
2236	63	2216
3427	117	1767
167	11	896
2988	46	1527
1096	37	3036
37	39	3402
3511	160	166
2997	46	475
3314	154	283
2916	387	848
2794	278	715
1088	46	1132
1682	562	1686
284	46	1375
1767	11	166
216	59	19
664	99	3316
846	439	592
3100	46	3101
2063	131	1200
3	75	1274
1725	46	1087
2381	46	1416
3540	86	1087
678	11	1874
1647	175	1820
3264	414	3280
3683	126	2246
2135	63	2216
3491	46	1416
2275	336	944
473	30	2609
3361	46	475
2310	46	1416
168	272	167
1404	9	3054
969	63	2216
2789	99	2788
329	278	2794
3050	11	453
329	278	712
3688	83	1899
3276	46	311
1024	126	1611
2369	164	477
1483	46	1416
2486	37	1597
19	272	118
167	16	3740
324	109	329
407	9	1903
2878	333	864
329	278	459
1087	333	863
201	159	655
2619	46	311
97	160	1125
151	126	1087
110	63	1624
390	16	3397
1087	333	3251
325	348	3507
475	99	3316
77	133	809
858	11	1874
76	0	1956
459	278	712
2569	406	1840
561	959	562
982	7	24
1139	11	166
778	278	345
568	159	571
3308	63	1227
3351	468	2024
1737	175	15
1962	26	3581
3442	730	1324
2235	46	475
1872	46	1416
424	39	2218
1551	75	407
824	46	1416
242	46	1416
1331	22	3616
3740	12	2733
1927	119	3339
3425	46	417
1227	235	459
107	613	2268
3000	139	3589
151	75	234
3438	99	226
702	63	1227
895	46	1416
216	59	90
3763	11	3154
712	278	98
2022	46	1416
2239	46	3056
3003	278	1582
690	75	253
3464	414	3056
2244	63	345
2819	46	3515
2275	26	3581
720	781	1068
804	426	604
1460	77	241
19	59	116
2914	46	1050
359	53	143
2542	46	1416
3179	46	3181
61	94	403
694	942	539
167	9	3740
1902	16	1903
2384	46	3515
1757	336	331
1044	11	2712
2861	46	3036
477	264	2369
242	333	1761
2843	266	2250
2752	266	2250
1304	11	1223
678	53	2323
722	82	1038
2793	235	2819
3132	46	715
3175	414	2407
816	46	1527
90	59	1647
107	426	2439
2794	235	329
1149	53	2912
917	37	367
1757	46	470
662	66	234
1796	46	311
1219	198	1640
2498	94	1087
2106	46	1416
1055	194	107
2794	235	459
712	278	3003
2193	46	599
2785	46	470
782	11	992
1331	22	1338
1239	11	1874
2158	126	1527
2967	46	1416
2793	278	712
2213	11	3641
3404	160	2841
2001	79	3713
318	46	326
2384	46	470
323	235	1079
315	235	712
325	46	1375
2335	11	166
3543	11	393
1330	11	166
273	117	39
3632	94	166
915	46	2126
2168	11	2836
1493	11	2809
2235	46	1416
1241	94	218
103	11	1087
873	46	1050
1020	94	166
2100	126	2712
2986	175	328
3632	11	166
1205	46	1416
1510	46	1502
437	126	1087
1818	11	1874
601	39	3016
1471	11	1762
3339	16	3700
3475	46	1416
1988	333	2313
3188	131	3183
3290	46	3280
1053	46	1416
19	175	94
84	333	2183
1748	46	470
1431	859	3505
1786	75	1787
2684	46	2691
1603	46	1375
1702	22	473
1076	117	261
3036	99	2009
3105	46	3392
2365	46	1662
2376	46	1416
196	735	667
311	323	3073
1270	94	992
1148	126	571
3279	160	2712
158	11	1662
393	46	1416
1835	24	1836
779	241	3748
3263	46	367
2741	49	2643
662	66	1264
352	56	1064
2567	46	2577
2650	220	705
2264	94	599
3568	132	42
2248	11	2968
253	75	1493
2986	24	328
3329	46	1227
2950	46	1416
1757	46	55
1661	278	712
182	46	1416
3406	37	325
1961	613	2709
1774	114	2434
977	11	1087
280	46	300
3166	46	542
1227	235	345
2618	46	3036
1326	46	1465
3280	46	1416
2376	46	2375
2684	46	1416
2793	235	222
446	63	2819
3280	46	1650
2779	46	1416
1686	378	3347
1326	46	1375
1903	232	1094
2817	39	2218
1163	59	1135
1210	59	1647
622	11	166
1798	11	1223
1262	46	1059
3166	46	1416
1775	126	2712
2472	46	367
131	94	166
3614	29	219
3107	46	715
729	35	1481
1411	46	1125
755	46	1416
2972	46	1416
1508	46	1502
3767	94	1087
1984	278	712
2001	15	1934
305	278	458
1854	260	1853
741	59	2394
473	30	784
1269	53	3543
1901	11	1123
1128	94	1223
662	66	1997
3070	220	992
1801	372	311
3255	46	1059
2785	99	310
2552	333	2247
1252	39	3402
2384	278	345
3325	471	1223
626	159	1762
1737	59	741
473	30	1700
2309	46	1611
804	426	1930
2945	37	242
2776	384	1944
2414	48	2941
1331	22	473
308	53	1655
3486	248	3288
3559	11	1029
3216	46	2011
2381	260	2380
2101	15	1315
103	16	2511
2762	109	715
2025	53	910
1581	160	2407
84	46	1416
2384	235	345
3240	107	3003
369	974	543
2795	46	457
1549	107	2772
393	333	3395
3739	63	2216
2762	46	1375
2620	46	311
393	333	1749
44	190	3146
1515	46	1416
917	160	992
5	46	1104
129	160	2087
2317	63	2216
1903	12	1094
1944	159	705
1966	46	1416
794	131	2078
887	107	2216
3483	235	222
2517	94	166
3518	81	3614
1104	46	1416
503	272	502
1394	37	1597
1134	11	466
2043	260	203
602	46	2772
1231	346	107
796	180	1917
3146	385	44
3320	46	1416
2756	63	715
1555	129	2963
532	11	393
253	75	690
3523	888	3647
873	46	877
1616	46	2126
2602	94	699
1828	94	2084
2289	94	571
2399	46	2712
131	11	166
2357	261	233
330	11	3175
3330	46	1416
1854	46	1988
1705	129	1710
963	37	65
293	66	2626
1068	238	720
1735	46	1527
3740	12	28
728	135	1752
2878	378	3548
858	94	1874
3325	160	1223
2522	11	3376
253	75	61
3102	46	1988
3436	727	2744
3523	247	2460
1062	336	3523
1014	159	393
101	344	2149
1191	651	3616
1617	414	2816
329	235	712
3371	46	1527
13	94	166
712	348	3003
2628	46	1416
2092	46	1416
3035	94	393
253	75	28
1922	11	1087
2458	94	166
2316	46	2816
2373	0	3243
3065	160	1597
1966	46	367
166	46	1416
2945	387	848
2114	94	1662
410	16	1868
393	333	442
41	856	505
1210	24	1820
2251	46	1416
1624	235	712
3569	148	42
2622	46	311
3752	19	1125
335	46	368
2428	63	2819
340	109	329
107	677	3616
417	323	2747
517	114	2434
651	94	466
2118	11	1188
490	99	303
338	278	712
2816	323	453
2618	46	1416
2692	53	143
2569	153	2250
2538	16	53
1418	186	707
3392	186	3024
930	86	166
2015	11	393
344	73	352
2793	235	2788
3428	46	417
3446	153	2250
1007	159	166
2094	0	2228
1674	46	705
2237	46	3056
1025	46	1416
915	414	2126
1731	729	2250
2692	11	1874
1887	46	1416
2918	7	502
3240	37	2794
3167	11	2712
101	220	1087
2944	11	1686
1273	75	742
2980	11	466
56	46	1375
312	11	1762
3634	46	84
56	323	57
3163	46	1416
266	152	264
3740	83	167
671	46	1104
407	75	3
3240	107	329
395	99	2814
380	11	1874
1677	46	2126
1939	11	847
484	46	476
326	99	226
1549	107	3438
741	24	15
2857	159	992
1692	46	475
3196	46	1416
107	426	3513
2865	11	1874
1381	235	305
784	22	473
2623	46	470
712	235	459
263	37	712
3748	230	779
2421	46	1416
338	235	459
352	46	1375
2238	46	1416
3628	94	1762
2083	46	475
3330	260	2096
2212	118	2211
2570	159	2126
2809	46	3470
3427	117	1768
2087	46	2095
754	235	715
44	426	604
1913	39	210
2084	46	1416
338	46	1375
2380	46	368
3508	414	1412
993	11	367
1755	126	466
3404	37	2841
3740	12	275
2416	131	724
908	11	393
2511	15	656
120	66	1707
2659	46	1087
3543	94	393
3367	46	2772
1885	46	1416
3238	66	1707
1557	11	3403
1996	46	301
2511	15	1830
2481	11	1874
343	26	2373
506	135	1917
1885	46	1050
3647	987	3523
2511	15	1645
2934	46	1059
61	63	2216
805	46	457
2529	63	323
2087	46	475
3272	46	3438
2011	46	3130
2801	46	368
1664	94	242
3642	11	197
3070	46	830
1266	126	1087
2088	46	1416
1830	9	2511
3254	37	2819
1268	272	1648
2794	278	3003
1622	66	3129
322	46	497
2674	46	3056
3356	43	3720
799	631	3183
1213	63	302
2802	46	368
1874	333	3059
1582	278	712
843	12	502
3121	46	2818
3317	126	498
1828	75	67
195	11	3264
1766	160	459
2151	235	222
1545	107	2384
3575	59	2140
671	46	1733
1695	86	256
282	333	3445
3438	260	2877
3233	241	2416
2512	227	3458
2153	46	1416
1570	110	1587
1552	94	824
2794	278	459
1796	46	1416
1414	46	1375
464	37	3140
1104	46	3280
506	180	1917
315	278	222
2607	107	1227
329	235	2794
303	278	2819
752	46	1375
2750	46	1416
1922	94	1087
2940	344	3395
2258	448	1439
2101	12	1315
1245	175	1246
3749	11	166
2436	175	155
1477	69	305
1503	272	1504
2437	37	2216
1790	12	1791
2287	46	1059
1082	159	1022
273	94	1851
315	235	345
2188	37	2190
741	59	1737
1999	46	1502
1464	126	1762
2501	344	696
1227	278	459
2806	46	1416
2420	379	2417
1774	126	2712
1087	333	3059
166	46	427
3491	46	326
2668	387	848
2059	46	2043
1427	9	3688
1794	46	470
160	289	129
2014	46	1101
166	378	125
2591	46	1650
805	235	222
3271	46	1416
311	329	3752
2409	86	385
829	46	367
1594	0	3243
1223	333	2302
1595	16	3688
2066	46	1416
222	278	345
2711	46	655
2574	278	3003
1288	12	2226
222	278	1750
1349	35	3188
512	126	2084
2608	37	1420
173	11	2712
303	99	490
3207	94	393
2093	94	164
2907	11	393
1801	46	311
2093	142	2094
2094	21	2093
2716	7	2517
2951	46	1416
1997	170	41
1186	46	1416
3317	126	2272
3228	46	1416
2511	12	971
1012	46	542
3718	16	3740
2737	279	365
417	260	2747
3301	86	1087
1768	11	166
3339	126	1050
166	333	422
2151	293	3614
3510	46	1412
1087	333	1007
2354	35	1481
26	75	546
273	11	1851
283	512	3016
760	63	712
1900	698	864
1076	272	148
2650	46	1059
3718	9	3356
671	46	1087
3614	29	1624
1087	333	2149
190	46	1050
1645	11	1597
1087	333	2221
1697	46	1416
3291	12	1285
3115	46	326
908	16	1815
623	94	166
316	69	282
2254	11	2246
2693	63	342
3609	94	3438
3505	994	1431
2891	94	654
3036	46	1416
3427	135	1767
984	159	1597
652	53	2912
107	164	3616
2769	46	1416
960	90	82
1944	153	2250
2818	46	1416
84	333	200
2101	3	222
3471	556	2809
3740	0	3356
2417	37	1087
3455	22	1338
2854	11	3641
3319	46	475
2591	46	1416
315	323	2718
2718	73	315
2858	46	1416
1100	26	3581
2069	46	475
1939	94	847
1210	175	1820
3478	94	2878
2740	46	3328
222	278	1582
299	75	583
1076	94	1022
660	63	1227
971	9	2511
1061	46	311
407	16	3688
848	575	2285
748	698	2571
907	11	242
1913	51	210
289	419	749
783	278	459
1513	26	1311
98	46	1375
1928	11	1087
1840	729	2250
2024	243	3351
848	575	2998
2101	12	3588
1210	59	116
215	46	1416
3504	37	664
329	235	459
130	46	439
3000	77	1782
2438	11	1874
3313	305	1982
1790	15	922
3718	9	3740
3252	923	1944
452	46	1988
671	46	1472
210	35	3408
1571	94	1874
3393	11	1837
2012	16	47
712	278	783
105	66	51
3085	159	1762
3000	139	1782
3460	46	3056
2439	194	107
3591	94	427
3110	94	1487
477	61	2369
2518	46	2272
2740	414	3328
3432	46	1416
1452	159	745
586	7	2047
298	235	715
2484	11	1597
479	11	1087
354	61	82
2093	9	2094
3510	220	3508
1471	94	1762
960	30	610
2562	46	427
3366	260	2470
3194	145	715
539	72	694
238	46	311
2347	94	403
1087	46	1132
463	37	3280
3125	11	1087
2180	66	1523
1992	46	301
3470	46	2814
498	414	2272
3709	63	2216
68	46	1050
241	139	1460
231	170	41
3356	12	3718
2512	46	655
913	433	1284
1839	46	1416
3524	651	3616
1622	14	1363
1476	11	2712
2078	35	1604
2212	83	2211
1825	46	1059
1903	12	1902
1682	46	1686
2860	46	1416
1274	75	3
2219	11	393
1396	159	2747
2201	37	2216
101	46	1132
2413	46	2363
294	94	166
70	46	1050
508	37	571
848	575	947
3709	9	3291
41	856	1931
3313	305	923
1182	94	2399
3477	94	166
3125	94	1087
881	46	1416
1921	11	2712
2246	46	2927
979	94	166
2909	46	277
712	278	1750
1283	63	2216
783	235	459
1622	14	283
3288	46	1416
804	387	848
1477	125	1381
3614	29	2011
1121	94	1188
429	46	457
390	963	728
2681	46	475
1320	46	367
2757	14	3016
2287	46	2286
1040	46	1416
741	11	1087
1096	37	84
3314	322	283
2062	46	1059
3121	46	1416
435	244	3614
920	94	1223
3143	7	2018
3700	12	3339
2471	46	1416
2636	94	992
2957	46	1050
2493	336	129
753	11	84
848	575	1915
3226	46	218
1087	333	1744
667	730	196
2282	1008	1518
1280	94	2127
2706	7	2136
852	11	2712
3526	46	475
344	37	352
2445	22	473
253	114	2434
848	575	2090
2558	46	427
783	46	497
3704	11	968
1810	11	824
2605	37	1087
1810	75	3683
691	94	393
506	117	1917
2776	384	3383
116	59	216
1869	46	3438
3202	46	368
1115	51	3183
1227	278	715
305	46	457
1857	46	1416
2131	11	166
465	562	466
3339	126	1597
1447	11	1685
1702	264	2459
3441	11	166
3224	46	475
257	63	2216
1557	94	3403
3224	46	1416
22	11	1762
3378	46	1416
3438	323	393
848	575	2232
3313	305	705
3291	3	2216
2890	11	171
308	11	2712
58	75	546
2922	46	1416
1548	11	2712
359	53	105
234	9	3740
1747	309	352
98	278	715
1338	30	610
2562	46	1416
1014	735	1013
1338	30	999
3367	46	1416
3595	126	1242
571	333	561
2402	126	2712
1710	98	1703
2898	94	824
2802	46	1416
2007	135	234
770	46	1326
420	53	867
301	99	1996
2904	26	3581
2446	666	80
2507	46	2509
691	9	1463
142	131	3183
3230	37	1087
1685	46	1416
3270	795	1291
86	11	1874
701	46	710
2208	11	2740
67	75	1828
1720	159	1022
1872	46	1527
1678	46	2126
1682	220	1686
3013	46	1416
2096	46	427
390	9	2228
3748	199	3408
365	1004	1296
2683	107	2216
3483	46	457
2438	94	1874
1306	126	1874
1298	49	2481
1756	63	2216
2764	63	715
2314	63	1420
3198	159	1988
2966	126	2712
1338	30	2616
3751	11	2084
3171	46	1988
1416	99	222
2989	46	1527
728	435	390
1534	46	2816
427	46	166
2788	278	1539
42	160	2809
3438	46	1416
2302	311	1989
2445	22	1338
1026	90	80
2788	235	712
1594	0	2373
848	575	3485
1624	382	3614
359	53	910
2510	46	311
377	11	571
1545	107	1227
426	266	2250
3089	46	1125
848	575	2614
1338	30	966
857	46	1375
848	575	1394
275	94	403
1606	46	571
2825	131	2030
2282	46	1416
2197	94	2957
2290	46	475
1582	46	457
455	186	15
2695	86	3362
473	30	1710
1338	30	2450
2192	46	2938
2562	46	3330
2518	46	1416
857	109	342
2267	194	42
3477	11	166
2980	86	466
3172	46	1988
70	46	1416
2793	278	2819
913	144	1284
2673	285	1079
2558	46	475
731	235	764
383	46	1416
2078	35	794
2757	14	283
2526	11	1762
2041	63	2794
922	11	3520
1204	46	1125
3473	46	2814
2715	46	3130
3616	30	2616
2105	46	1358
1527	46	1416
933	46	1416
1429	86	166
783	278	1227
1874	46	1527
1622	51	283
3557	46	2712
2788	278	222
2793	235	712
1592	46	3438
2225	11	393
3591	11	427
90	59	116
371	22	473
3149	72	694
429	235	712
2658	46	1416
473	30	3673
344	46	352
3411	37	712
1517	46	1416
473	30	3158
906	11	393
3130	46	3448
196	159	992
3313	305	3177
779	258	3748
2624	46	1416
882	46	1050
473	30	1879
531	11	571
2479	266	461
479	94	1087
180	46	1416
1693	46	475
3626	46	367
2322	11	481
992	378	3070
2218	300	2817
2558	46	3330
145	46	1416
1949	46	1416
3281	94	1087
831	46	1416
1433	46	1988
1338	30	3455
3043	46	1416
1931	94	1874
1662	333	638
2507	220	1527
565	46	1416
3089	319	3134
1160	46	1416
3402	300	1261
1463	0	1790
2624	46	311
2544	37	3141
828	414	2043
842	117	168
101	46	1527
1770	11	393
848	575	703
298	235	1227
158	244	3614
140	94	1238
235	24	2007
1741	46	1416
401	46	475
796	11	1087
2788	99	2789
1118	46	1416
616	730	946
999	22	473
3602	11	1686
2814	46	1416
703	387	848
1306	94	1874
1418	260	242
131	126	3362
1502	99	3134
3545	63	345
1463	12	691
3728	94	290
2373	0	1594
1839	46	1050
1832	126	1087
1770	94	393
1409	107	1146
848	575	1224
751	300	2827
971	272	1264
2898	11	824
1980	46	1416
848	575	2305
705	333	1944
3099	46	2043
729	933	2392
3432	46	1527
2620	46	2145
2550	63	2384
869	730	3198
230	170	41
1280	75	167
2766	46	2363
125	46	166
3382	46	3036
2597	126	1662
2819	336	3515
1573	244	3614
2528	46	1416
3313	305	2968
2966	11	1662
152	44	3397
2184	159	386
1878	126	84
1199	46	1375
3339	9	3700
848	575	3239
27	63	2216
2568	11	84
3039	46	1416
1943	46	1416
1776	46	1527
1801	372	385
3226	46	1416
848	575	1581
671	333	569
390	36	2228
3204	46	2126
407	9	3688
277	278	712
1456	11	218
2151	46	457
1199	109	715
1450	46	1416
3244	601	1537
1733	46	1416
1147	350	1420
129	44	3451
1338	30	1640
473	30	1640
339	46	470
1887	46	1050
405	46	1416
3641	46	2407
3177	46	1416
3623	9	3621
2846	11	1123
1853	46	1416
1526	46	1416
142	131	2385
473	30	371
659	497	1058
2953	37	3641
3313	305	393
3740	12	3
3750	63	2216
3710	63	783
203	46	2043
2814	99	395
712	278	2363
208	241	2024
1186	46	3171
1835	11	166
3281	11	1087
1678	46	1416
848	575	2393
828	46	1416
403	46	2216
959	107	1420
1306	11	1874
2074	46	3330
2673	309	1079
3704	94	968
2839	46	1416
407	170	41
284	46	1414
3513	1022	2439
466	46	311
1067	278	352
3	9	3740
3079	181	355
1188	333	2138
1930	194	804
654	46	311
2126	46	1416
466	46	1416
1734	46	1416
1381	235	222
226	46	3438
2230	333	1780
3402	300	1252
61	75	253
532	266	2250
2106	46	1059
1461	94	2712
152	88	3614
3132	46	1375
2691	260	2684
624	730	626
3089	248	3134
42	247	134
1076	75	3
2700	15	1507
67	75	924
2035	63	222
3482	46	1416
1624	235	323
731	278	715
1832	126	2659
2377	46	1416
725	46	470
1793	46	475
1188	46	1416
47	3	2216
1342	22	3674
473	30	1001
78	16	3592
1815	12	908
1879	22	3674
3478	75	1791
3140	99	226
1687	46	475
3708	126	1874
2001	10	1087
3708	75	1626
3402	300	1315
1613	107	1358
218	46	1416
2347	63	2216
390	16	2228
256	46	664
1481	131	724
2239	414	3056
271	546	461
3070	333	196
1784	37	3438
1343	46	427
2051	94	1874
1320	46	3181
2340	63	2216
1273	272	1274
3540	14	2970
2285	907	1035
3039	46	1358
2776	384	3395
1999	46	1416
3614	115	2863
3542	11	2818
1617	46	1416
1824	126	1527
1997	11	992
2878	46	2772
1360	260	1357
3614	29	2151
3342	11	1874
670	11	218
466	378	460
1682	1028	427
2357	75	670
428	94	1874
2818	46	475
2101	10	222
1085	159	242
2715	46	1416
410	9	1868
473	30	2615
1989	344	2302
1054	94	797
2341	11	1087
1338	30	2600
235	59	234
377	94	571
1558	63	2819
90	24	94
429	235	715
2142	336	144
3352	468	751
333	94	932
684	86	166
3	170	41
545	46	1416
2990	46	1416
57	46	1375
473	30	1703
1917	126	166
2230	46	475
1702	132	2459
959	160	992
1984	235	325
2568	26	3581
720	781	2632
2718	46	470
3402	300	1820
764	336	331
2788	278	2819
1285	272	1286
1403	11	2262
152	160	1087
1899	71	3688
2229	46	1223
51	63	1079
1731	63	2819
2819	46	470
51	53	105
3120	46	712
542	46	1416
1549	107	3140
2075	59	2107
1334	63	219
2735	414	367
118	94	1597
420	94	1733
3641	333	224
2656	46	755
2084	333	1556
1650	46	3280
166	333	1007
3641	333	1388
1426	94	166
3601	11	1462
3325	67	745
1160	46	1242
3726	144	759
793	515	3684
1788	46	427
2875	46	1418
300	260	280
3068	46	3328
654	46	1416
1757	278	222
992	378	1609
1692	46	1416
405	46	2126
2552	46	1416
1720	582	2258
1790	15	1791
2806	46	1858
751	300	251
1751	11	1874
751	35	2970
1025	46	3392
563	159	992
1703	129	1710
1221	37	302
2491	126	1050
751	933	2392
284	46	302
2962	22	1338
2941	126	2712
3204	46	1416
3070	220	830
1582	278	715
186	46	1416
391	439	592
2705	63	1227
2424	126	2216
1997	126	1597
3626	46	1416
2480	266	461
1219	150	1640
1928	94	1087
3070	344	196
1708	590	265
186	46	368
3683	11	2246
2218	322	283
1528	194	107
326	46	1416
220	46	1416
1494	46	1050
1841	153	2250
1087	46	1874
2060	235	712
671	46	3376
684	59	683
2212	10	255
712	235	345
226	46	1858
2161	11	1874
1917	180	506
1573	75	1273
226	99	755
1418	46	1416
3478	126	218
1849	37	245
1945	153	2250
2912	66	359
2100	53	308
2939	63	1624
259	192	3737
3305	53	1707
671	46	3199
2818	333	2302
1659	73	352
1088	46	1087
2221	159	1087
272	46	1416
2997	46	87
2060	235	715
1805	10	1227
2162	15	1100
3556	651	3616
3493	46	326
3103	46	1416
459	278	3003
1360	46	475
1213	94	284
1582	46	714
1399	46	2272
1201	94	1123
47	15	2012
305	235	715
1997	126	1487
2919	260	881
2101	79	179
3213	11	2082
1963	37	1087
576	730	568
441	160	1087
1338	30	2456
3309	11	2806
3189	46	311
1835	94	166
105	66	504
2335	126	166
1843	11	745
1241	11	218
3135	266	461
671	46	1735
2540	46	1416
1338	30	2455
2331	46	290
2858	46	2860
3647	978	3523
671	46	2968
84	46	3036
470	56	3515
503	94	1022
2912	66	1268
1603	46	778
2037	63	712
219	235	1661
242	46	707
209	11	745
105	66	2323
124	75	253
3153	126	245
3340	46	475
220	46	2272
1149	11	393
755	99	226
76	15	908
2999	11	1686
3099	46	1059
1917	94	166
778	235	715
1338	30	371
2355	31	2323
1815	0	76
3045	266	2250
436	94	386
2691	46	475
2814	46	3645
793	680	3684
1146	278	345
1170	63	2216
1521	220	1527
1749	159	393
3730	94	1735
938	11	3403
337	145	164
19	24	94
914	46	1375
1451	769	3032
984	153	2250
959	107	2384
458	278	222
712	278	459
2190	46	1242
2552	46	3645
3172	46	1416
1448	46	1416
1779	7	1281
2331	46	1527
1917	24	796
2811	46	2814
183	46	368
66	110	1587
1622	66	1742
691	53	314
3483	235	715
226	99	1858
2655	46	1416
724	35	2063
1098	170	41
3418	11	386
1663	199	2494
527	11	166
315	235	2819
473	30	2616
2510	46	655
84	46	3392
2840	468	2354
595	22	3616
1549	107	2272
2691	46	1416
1033	15	3734
2210	46	311
3099	46	417
1840	94	2342
3708	114	2434
202	384	2221
3613	63	715
3137	11	1087
2686	11	2084
731	235	345
219	278	1661
1645	9	2511
715	278	754
3740	15	275
337	1046	336
242	46	1527
2772	46	1416
1729	46	1375
2878	378	1898
1252	11	1087
1663	131	3631
202	384	3029
3740	12	3718
2122	94	218
2187	153	2250
2060	278	222
655	333	1744
910	66	3720
3319	46	1416
3730	39	3402
3175	333	1780
3614	115	277
929	94	466
1369	37	571
1315	16	2101
41	856	407
712	278	754
2632	72	694
2960	46	475
1013	730	1014
315	46	470
2246	46	368
778	235	712
959	107	783
226	99	2272
76	0	1815
2270	11	1188
3183	288	799
3740	0	2001
2554	11	2818
1343	439	592
2601	46	84
1363	131	724
428	16	3054
2416	35	1481
3221	1040	41
2632	238	720
3313	46	664
473	30	2600
2206	46	1416
2411	235	2819
2059	46	1416
1286	272	1285
1549	107	1059
837	11	2127
3196	46	1988
226	99	326
3200	46	3280
2335	126	1223
2948	46	1416
76	10	1146
3646	11	599
458	278	715
3107	46	1375
473	30	2449
2776	384	3251
2438	75	2517
2840	35	142
286	46	1375
19	94	166
3643	11	1223
1582	235	3483
283	512	1371
112	46	1416
2007	117	235
2133	11	1662
992	333	2857
1841	159	3641
499	11	1087
1741	260	1746
1064	145	352
2822	46	470
1363	512	3402
3740	12	167
973	63	2216
3548	46	2878
2903	94	2878
1174	46	3392
1315	11	2712
2060	278	2819
2854	94	3641
2451	22	3616
342	278	345
673	46	1502
34	46	1416
342	235	1130
2302	476	1162
843	15	2226
1365	46	1416
470	99	1984
1670	63	1227
908	16	76
671	46	3280
2136	86	166
2603	11	2841
1188	333	1389
1480	46	1416
2918	7	163
3347	46	1686
1582	278	222
2162	12	1100
256	414	664
1482	46	1416
1122	46	1416
226	334	3403
1879	98	2962
2881	63	2216
788	336	2390
1338	30	1555
210	35	2063
1125	46	1416
2009	99	439
1189	63	2216
120	135	505
2776	384	3364
2213	126	3641
559	46	1416
1473	46	1416
2490	46	367
1241	126	218
3	75	435
1469	11	466
3324	46	1416
2149	159	1087
3611	94	1662
2197	126	1942
3531	46	1416
473	30	999
2899	11	1527
2818	46	87
2190	46	475
1715	11	3043
2211	36	2212
1087	46	1416
3483	278	1582
3614	115	1079
835	63	2216
1087	46	1527
473	30	966
3003	46	1326
1149	66	51
2218	300	424
2449	22	3569
817	46	1416
3345	46	1416
473	30	2547
1518	1059	2282
1981	46	1416
235	175	2007
3330	46	475
196	311	3070
1507	11	1087
2313	159	1188
1728	63	2216
2894	45	1079
1723	67	1079
325	235	712
3742	305	2712
1710	22	473
2806	46	2807
162	11	2712
2147	202	1227
899	46	475
600	46	311
1551	75	546
1582	235	1130
1624	46	3130
459	278	2363
753	272	849
908	9	76
2760	63	715
460	562	466
2346	46	367
3614	115	2151
3409	46	417
1630	94	393
2462	86	166
1729	46	715
662	53	1500
1269	53	619
3614	115	2011
2865	126	1223
1586	37	2818
116	59	1647
368	260	2246
2658	46	3403
1453	46	1416
3183	35	3188
1148	11	571
419	46	417
1984	99	470
242	333	1085
3432	46	290
1153	46	1416
1195	272	1194
1665	11	830
3207	75	1551
1136	11	1644
3614	29	1079
3614	115	323
787	131	751
796	94	1087
3337	387	848
3300	11	2935
986	46	1050
2411	46	1375
3056	99	226
1146	235	1757
675	46	311
3502	94	801
586	7	3719
194	46	755
2411	46	1414
275	63	2216
3548	562	2878
849	272	753
3540	51	2970
843	12	2226
2215	63	1227
2316	46	1416
3636	11	1762
473	30	1817
764	235	345
2009	46	1416
1286	75	546
2071	220	475
1492	139	3501
1067	46	1375
2682	107	1416
2347	126	403
1584	11	130
2063	131	2078
1687	46	1416
57	46	56
372	126	1223
283	512	787
1868	15	410
3483	46	714
1671	46	2814
2362	46	1988
1149	94	393
2862	46	3392
3367	46	2878
2302	159	1223
620	628	1762
1381	235	715
3309	94	2806
3669	75	546
2778	46	2774
3063	730	1439
724	35	1363
699	46	1416
3137	86	1087
3425	46	1416
1088	46	671
256	46	1416
1829	94	3508
2691	46	2684
2669	266	2250
3229	46	1416
2144	81	3614
3614	115	1624
359	53	652
118	114	2434
2569	159	847
459	46	1375
872	9	3397
992	333	196
561	159	571
167	71	3740
400	11	1515
3060	11	166
2206	309	2216
308	66	2100
275	11	403
3502	11	801
3361	46	1416
118	272	19
539	308	1726
1195	53	1655
1984	99	1375
3675	46	3036
1616	46	1416
1001	22	1338
590	94	745
3682	63	715
3492	9	2511
1088	46	1527
431	63	429
3303	14	1200
2829	46	2841
1028	63	458
1984	278	345
473	30	1705
2206	46	2216
324	46	752
651	244	3614
2878	46	1416
1645	16	2511
753	94	84
473	30	415
405	46	386
1988	46	1416
1815	15	908
2909	285	277
473	30	1555
120	66	293
2369	150	477
690	75	28
2449	22	473
41	856	3
2063	131	3748
2819	235	712
796	180	506
690	75	75
395	99	2126
1125	260	476
830	333	196
13	11	166
1994	266	461
2082	46	2095
3400	46	571
2865	94	1874
3268	11	890
1125	99	3134
299	75	28
1420	278	1757
742	75	1273
3361	46	166
3598	22	1338
2149	994	2317
1495	16	3592
1647	24	94
960	30	1331
424	11	1223
473	30	1331
3751	63	2819
1950	46	1949
2203	94	166
3011	379	2419
210	199	3408
1949	333	2247
1481	131	2416
2766	220	2363
534	11	1662
3207	11	393
3177	46	3438
2931	402	179
1917	24	506
222	99	497
2107	59	2075
720	781	3149
1327	46	1132
2390	49	788
164	238	720
3740	12	1913
284	99	1696
2788	99	470
2380	46	2816
2492	46	1416
2176	46	3036
3523	164	3082
2747	46	1416
2850	46	1416
2672	387	848
2575	46	475
787	154	283
2941	276	2414
910	66	1724
2068	329	3752
2792	46	222
1829	63	2216
844	11	1022
2254	94	2246
2809	46	1416
2625	69	358
1553	37	1509
3531	46	3438
76	12	908
2688	16	47
295	7	296
497	99	222
1462	46	1416
2064	7	3662
273	135	39
124	75	690
128	37	1132
1684	66	28
2063	131	210
1867	46	2772
334	59	662
2819	278	222
720	1019	539
2966	94	1662
42	49	753
301	46	1416
1345	37	1527
2593	46	1527
882	46	1416
1766	37	459
732	46	1375
2488	63	1661
3183	35	1481
1661	278	219
649	86	282
3345	46	3171
691	11	393
2456	22	473
1707	53	120
2369	198	477
1294	160	1087
2226	16	1288
1226	46	1416
89	46	3392
1345	387	848
3305	126	3036
1686	46	1416
915	46	1416
1805	3	783
1654	11	1662
297	126	358
2778	46	1416
1338	30	1700
2911	63	1227
796	135	1917
2337	94	1686
2328	37	2296
1409	107	1227
1199	46	715
393	46	3438
1840	11	2342
1650	46	542
1481	131	2261
1059	333	1451
3408	154	1363
259	75	652
1752	24	728
2220	159	3520
3743	26	3581
964	37	1087
1277	0	1288
3609	11	393
1969	46	2216
3592	12	1495
2289	11	571
920	39	3402
277	278	459
881	46	1050
364	46	1416
1395	94	1874
334	180	662
469	90	3523
503	11	1022
1067	278	2788
1381	278	715
2577	260	2567
1118	414	2126
3614	29	2863
1203	46	1125
3303	51	1200
2396	37	2819
2741	160	1087
1173	76	2078
2652	46	1059
473	30	610
1686	46	475
1931	117	505
3737	96	259
1741	323	1746
228	160	1734
2335	94	166
1030	26	42
473	30	1702
2776	384	2138
3409	414	417
1488	11	393
2446	90	80
2197	126	1597
2363	278	715
1967	46	1966
2567	46	3645
2384	235	2819
2009	143	439
3230	37	1527
3611	11	1662
1743	159	2841
218	46	475
2899	94	1527
2843	94	1205
1805	3	1227
1963	496	1355
1077	933	2392
1381	278	222
2739	9	53
1855	46	1416
992	333	2670
2744	46	1416
1829	14	2385
3148	133	809
655	333	201
2016	11	2878
3621	21	179
71	46	1050
1409	37	3104
751	35	787
783	336	331
1703	22	473
2362	46	1188
714	99	222
72	86	1597
3313	305	1087
1456	94	218
3318	46	2784
707	682	705
1499	11	1487
1017	94	218
2583	344	2582
19	59	216
2498	11	1087
42	426	2267
764	278	712
2494	35	1481
219	278	712
1855	46	475
803	37	367
3403	333	995
1757	278	1420
1621	77	1721
1087	378	101
19	59	1210
2788	336	331
710	46	1416
2788	99	1375
2102	46	1375
261	175	1076
352	278	342
335	46	318
1617	46	2816
3548	562	2772
3508	73	2216
1624	278	323
2522	94	3376
2226	9	53
3313	305	919
3436	46	2744
3409	46	1416
1062	94	1223
842	135	168
3403	333	984
209	94	745
1624	278	2216
2707	1084	988
1268	66	1269
76	3	345
2072	160	345
1434	46	180
2738	94	1188
1409	49	3642
506	274	796
784	22	3616
226	46	2407
2762	46	715
2347	11	403
3548	220	2878
1206	37	218
369	37	3362
500	16	2511
3142	126	801
2700	15	502
1798	51	3183
1661	235	345
1160	46	475
2850	46	1527
258	37	222
710	46	1059
2269	39	3402
1998	46	1416
167	272	168
1904	11	1597
259	66	51
989	371	307
1847	66	1269
2026	46	1416
428	266	2250
3030	63	459
473	30	2445
863	159	1087
1788	46	475
1337	46	427
323	278	712
2978	46	311
2001	12	1934
1992	46	1416
1302	94	3641
498	46	2272
3513	194	107
3124	86	1509
694	165	366
141	7	140
2389	75	1828
581	11	599
3678	63	1661
1493	75	28
2084	333	3394
444	46	1416
498	46	1416
1404	923	1945
926	39	3402
1710	98	1702
3452	4	82
714	46	1227
1634	46	166
830	333	2670
764	278	1750
47	232	2012
1952	11	847
1222	75	28
1942	46	1416
1054	11	797
823	46	3036
3471	7	3209
928	179	3306
2096	46	3330
2679	46	475
868	266	2250
2511	12	3492
783	278	712
1326	46	712
707	46	1416
848	575	540
3571	94	992
3339	179	1927
1879	22	473
579	11	2712
56	278	345
1798	94	1223
393	378	1438
1378	278	222
1432	11	393
369	939	3261
1342	22	960
1892	35	142
1140	46	1416
3146	67	470
2707	371	307
3292	46	3280
533	94	954
1956	10	358
2877	46	1416
299	11	1853
90	59	19
3190	46	311
525	11	1204
222	336	331
1664	11	242
303	235	222
2788	278	345
2659	46	1416
1769	126	2216
89	46	3036
899	46	1416
3065	37	1597
1268	53	2912
839	63	783
3417	46	1416
1990	11	655
705	46	1059
215	18	497
1342	22	3616
1507	53	3730
1988	323	1188
2852	241	2416
1613	107	1502
305	278	1661
705	333	1451
264	79	266
3264	378	3292
2571	153	2250
1864	7	2236
214	169	1587
1945	406	1404
2632	308	2177
1726	890	539
3288	271	3486
964	37	3264
3257	48	3256
2891	11	654
229	46	367
539	238	720
1073	126	166
954	46	1416
3256	276	3257
1132	46	1416
512	94	1686
2226	16	53
297	126	1597
3621	12	3623
2753	46	2744
3513	1022	77
1436	344	1435
2597	126	367
2069	46	1416
3436	727	417
1726	895	365
2747	333	1396
460	220	466
2232	160	393
694	942	2632
2788	235	345
283	512	3314
1407	94	1022
3203	37	745
2728	26	3581
3279	37	1087
1466	75	2097
708	9	2511
3125	126	1132
1149	86	166
843	0	1288
323	235	712
194	46	1416
1522	94	2805
1624	235	1661
1458	63	2216
3313	46	3438
542	46	1650
2776	384	2137
3296	747	3472
2336	94	705
2416	131	2078
3452	61	82
352	235	715
3653	59	334
722	613	3258
1828	75	2389
2675	414	3056
3	75	148
1829	11	3508
1062	803	3684
1059	260	1611
3200	46	1416
770	235	459
2806	414	1858
1033	12	3734
2575	46	1416
116	24	94
3002	284	2282
2490	46	1416
2007	117	234
96	11	1872
2511	12	1645
1517	46	1515
1512	46	1416
3110	126	1487
670	75	2357
2087	46	1416
2380	414	368
2950	46	1059
2447	11	1762
1035	584	2330
179	142	2101
578	48	2626
248	244	3614
2631	154	2840
42	164	1191
751	35	142
2138	153	2250
490	99	2793
1104	414	3280
2686	94	2084
1988	333	2138
3143	77	1460
1915	387	848
1582	278	459
3071	46	1416
222	46	470
56	46	752
2363	46	1375
3362	46	475
3188	131	1349
701	46	1059
588	126	1087
1178	11	358
234	53	662
333	11	932
3592	12	1076
2776	384	1945
2814	323	2809
305	278	222
1163	11	2084
1491	7	2563
1780	159	2230
2038	46	1227
2036	11	1188
2919	46	1050
722	37	1087
722	37	1132
1917	63	2216
222	278	2819
3428	414	417
1743	311	2501
1613	107	1059
1768	59	1767
75	94	1662
2820	46	542
913	281	1284
516	63	2216
3523	247	469
633	11	466
569	159	671
2700	12	502
1791	94	1803
2051	126	1874
927	179	3306
1801	46	385
965	387	848
298	46	1414
518	46	1146
854	486	84
2652	46	705
1913	16	2228
2912	66	51
770	46	1375
3054	12	425
417	46	1416
1059	333	1439
2511	12	708
1768	94	166
648	63	2011
2152	278	3483
904	897	2777
1582	235	298
3313	305	721
1555	22	473
2051	11	1874
3493	414	326
3628	11	1762
2775	107	345
1516	46	326
848	575	2613
2436	63	1227
1182	117	1255
2433	278	2819
672	46	1416
2084	378	1040
1599	11	571
14	11	2968
3303	126	1202
1326	46	3003
303	278	222
947	37	393
910	66	2025
1997	94	992
1215	94	1662
3571	11	992
2099	94	256
571	46	1416
648	244	3614
2232	160	1087
1070	46	1416
959	107	345
2827	336	2925
1940	11	1662
1455	94	242
1943	46	1050
3054	12	1404
1742	94	1473
2998	107	1416
2942	11	166
393	333	1014
3054	12	16
3146	67	457
2223	37	1762
645	11	655
816	46	1087
2143	46	311
1782	139	3589
1958	11	3175
3211	46	1851
1438	220	393
1430	11	2712
3402	300	1548
848	575	2327
3042	46	1358
685	94	1087
3131	414	2407
2917	46	1050
1507	9	2700
1186	46	1988
143	66	2692
3102	46	1416
1240	75	67
1438	46	3438
2990	46	1527
2354	243	2840
728	117	1752
2783	63	1539
2863	278	459
3192	46	2321
2475	46	1416
410	86	1337
2842	126	2957
2126	260	386
331	46	222
520	11	3641
222	235	2819
1582	278	345
1898	220	2878
3205	11	2841
3424	71	3610
466	333	1352
1499	94	1487
2481	336	1298
1834	46	1416
2331	46	3432
2062	46	2066
403	46	1416
226	334	2084
1634	957	475
1472	46	1416
944	49	2275
751	199	3408
901	46	1416
402	46	1416
929	9	1815
1628	26	3581
3225	46	475
259	11	1874
403	73	2216
805	235	712
277	235	459
2036	94	1188
15	117	2394
1106	59	2253
3471	81	3614
56	235	715
1997	698	1944
3452	22	3616
2772	260	2878
3683	94	2246
910	66	51
15	135	1737
331	49	712
1613	107	2772
823	46	1416
226	143	326
3448	46	1416
391	46	2126
3614	29	277
3171	46	1416
1182	175	2292
3583	63	1227
2096	46	1416
3140	46	1416
910	53	105
718	37	1502
3	75	1076
959	107	1227
261	24	148
3305	126	84
580	11	2809
3163	46	542
769	46	1597
992	46	367
3483	278	222
2289	26	3581
1046	86	166
325	235	2788
3713	152	2001
2744	46	417
232	46	1416
415	22	1338
1357	46	301
604	194	804
910	66	259
796	117	1917
19	59	90
2809	46	2814
839	75	3
222	99	1416
3326	46	1416
3460	46	3463
3054	12	143
1848	46	367
1439	582	2258
143	9	3054
696	735	625
1883	11	1087
1914	94	571
591	11	1087
385	46	311
3026	46	1416
890	46	1416
1707	66	1769
1711	46	1502
2979	46	1416
2819	278	345
2143	46	1416
1355	346	1963
2082	46	475
1285	16	3291
226	46	2272
2094	0	1277
506	180	796
1812	46	475
2229	46	2235
3240	107	2794
959	107	2819
98	278	764
2979	46	475
522	915	3515
179	142	3621
1662	46	1416
1204	414	1125
1562	11	166
2258	448	1652
2909	46	1375
728	272	906
971	16	2511
3483	278	2819
504	11	1087
1409	160	84
2862	46	1416
1427	16	3688
3264	46	1416
892	49	870
1528	938	3513
1552	11	824
506	274	1917
2047	39	3402
2341	94	1087
1582	235	715
1409	107	2216
1909	37	393
1985	37	715
331	49	764
3377	46	475
1531	46	368
3396	730	1556
1242	46	475
2363	278	764
2083	46	1416
1252	94	1087
3402	300	2047
98	278	712
2655	46	1059
979	11	166
2043	323	828
98	235	1130
1100	9	2162
2733	9	3740
2137	153	2250
2105	46	1416
226	143	3140
1315	9	2101
315	260	2718
2571	476	748
843	12	1427
2962	129	1879
2953	37	2407
3140	323	954
3743	11	2659
1995	266	461
1132	46	1087
2071	372	475
2225	94	393
3579	220	197
277	46	752
163	9	3688
1630	11	393
1592	46	1416
42	164	3568
3110	11	1487
1813	46	497
492	46	715
1066	780	2169
1155	46	1502
171	46	475
12	63	2216
2776	384	3446
805	278	715
1458	75	3683
66	126	2712
3135	698	471
2208	94	2740
2897	126	2712
905	230	2077
2232	506	1889
3192	46	1988
1988	333	1389
303	46	457
417	46	3645
1582	235	222
1812	46	166
3614	316	470
770	235	712
3330	46	427
1464	126	166
2282	788	3002
809	380	2382
724	35	1481
623	75	3708
1842	94	954
1859	46	3438
1909	907	2198
2593	46	1416
1791	16	1790
73	46	1416
727	49	728
3392	46	3036
1623	11	218
142	131	2840
1909	160	84
16	9	3054
3749	94	166
112	46	3036
2126	99	395
222	235	345
1083	159	84
237	46	1416
932	46	1416
1502	46	1416
2856	159	84
2568	389	42
259	53	3730
1070	46	1074
1984	278	325
1330	94	166
2568	336	42
2011	382	3614
3	75	839
42	613	786
807	126	417
3725	94	1853
1374	37	345
647	59	2033
848	575	488
2630	46	367
421	46	475
1545	107	345
3	9	3688
1274	75	249
41	932	3221
3104	46	3036
3730	11	1735
2511	15	971
2126	333	2570
2903	11	2878
480	86	1087
3609	126	393
2538	9	53
1760	11	1597
1395	11	1874
1909	939	2361
226	99	3056
273	86	166
2511	12	103
1859	220	1857
1699	22	1338
2733	16	3740
753	336	42
459	235	1227
342	46	1375
104	63	219
1597	46	1416
2411	235	764
3190	46	1416
2459	37	2176
264	21	266
2455	22	1338
1561	63	222
2203	11	166
3055	11	218
1246	86	84
1459	37	2216
3753	46	1416
1913	9	3740
1602	63	715
728	336	727
3466	11	3175
1526	46	2772
3523	247	761
3752	19	1502
3501	139	1492
232	46	367
305	278	715
3523	247	549
664	323	256
402	46	475
1582	278	2819
169	16	2101
26	94	1087
1330	698	196
2912	66	1149
3725	11	1853
625	730	696
2712	46	470
2978	46	1416
1741	46	3448
3128	94	393
1138	63	277
3003	278	712
499	94	1132
2918	284	2772
202	384	224
3098	11	2809
2621	160	386
1944	476	1997
1674	46	1059
2089	46	311
960	30	784
3614	316	2151
2394	175	15
2394	59	1737
452	46	1416
218	46	427
1746	46	1741
2593	46	290
144	107	2216
3299	46	1416
323	235	1661
623	9	3688
705	378	2650
314	53	151
3493	46	1416
3146	37	1087
848	575	2343
2398	94	2972
3003	46	1375
843	15	502
2511	15	3492
3697	199	1663
960	30	1817
2411	235	459
116	11	166
80	247	2446
217	46	1416
1813	285	222
43	482	682
3120	46	342
885	895	365
3	75	3125
1674	344	1944
1931	170	41
3718	11	1087
961	476	2142
1146	278	222
2336	11	705
430	46	457
798	53	143
200	159	84
582	11	2712
2538	39	2970
3508	378	3510
440	11	203
708	192	2457
3094	379	2419
2078	35	142
1061	46	1416
3175	46	2407
3071	46	311
2706	7	3162
2561	11	2562
1752	24	906
3296	114	2434
3099	46	3438
1624	278	712
1132	46	2043
199	260	197
1559	75	1286
2384	323	2395
2002	37	1662
629	730	626
1407	11	1022
1577	46	470
189	107	2816
1146	235	712
2544	37	2407
2078	35	1173
2662	46	755
51	53	259
848	575	804
1623	94	218
3664	651	3616
65	46	1416
215	46	3036
197	378	3579
2258	448	1720
673	46	1416
2063	131	724
2659	46	1527
2455	22	473
2951	46	1059
1507	53	2692
651	11	466
439	46	1416
214	11	218
143	66	798
623	11	166
2537	682	3175
214	110	1587
588	94	705
3288	682	2818
3605	11	571
3386	11	1762
783	235	345
848	575	965
830	46	367
80	387	848
3452	22	1338
68	46	1416
972	126	2659
709	9	3740
283	512	2218
2456	22	1338
1501	46	475
20	46	1416
1412	109	2216
2670	159	830
1685	46	475
570	63	459
2776	384	422
1647	59	1210
1412	73	2216
2397	46	1416
2953	160	2841
3621	0	2101
91	53	1655
136	63	219
3306	119	928
3027	11	1874
259	94	1874
47	15	1015
2913	37	2712
303	278	345
1527	378	101
3194	350	715
3510	46	3508
682	11	571
709	94	1686
2394	11	1087
2751	159	2747
1505	86	166
3708	11	1874
2776	384	984
506	63	2216
368	323	2801
1803	46	1416
3501	77	1492
219	293	3614
754	235	712
2934	46	1416
655	46	1416
1512	46	1502
665	37	2712
881	46	2919
307	192	49
770	278	712
732	46	470
1936	11	1087
3292	46	3264
202	384	3085
51	53	1149
886	46	883
638	159	1662
277	235	329
3592	15	1495
293	66	1707
1809	11	3475
3592	15	1076
1351	11	599
226	46	755
910	66	652
1146	46	55
1371	154	283
436	11	386
2999	266	2250
2635	11	238
1747	99	325
1371	35	1481
3714	266	2250
342	235	764
2071	46	475
3362	46	427
1079	382	3614
1465	46	1375
2740	46	1416
724	35	2416
2150	63	1378
1135	11	2084
1337	46	1416
669	11	1686
2351	51	3183
3239	37	476
2282	46	1059
1100	63	2384
1879	98	1700
116	59	1210
1274	11	2712
2060	278	459
1412	46	2216
468	94	1874
1338	30	2962
1202	414	1125
3592	15	1891
3553	94	1087
1658	126	1662
2825	131	3748
275	16	3740
145	46	2816
1288	15	2226
1338	30	1817
2998	37	1515
1175	126	3362
315	278	2819
1286	75	1559
295	7	1282
3073	333	3074
514	11	1223
2583	46	2567
3614	29	2715
315	235	222
47	15	2688
2700	12	1507
2772	323	2878
3125	698	471
42	49	2568
1112	3	715
226	143	3438
401	46	1416
1842	11	954
3548	46	2772
764	278	715
1266	126	2659
1420	46	3515
315	278	345
202	384	1972
866	94	1087
298	278	764
3291	15	3709
3738	33	3689
3313	46	2772
2206	220	2448
655	46	311
155	117	2436
3524	666	115
2	53	2159
1996	46	1416
3418	94	386
1218	46	222
1324	735	3442
2600	22	1338
618	272	233
2863	235	1661
398	46	2126
381	11	1022
3641	333	1841
3667	11	3641
1436	333	1435
3272	46	1416
3513	1022	1528
1694	63	715
1088	46	1416
2753	46	1416
1420	278	345
2797	46	1416
1286	59	1263
1710	98	1705
828	46	2043
3508	46	1416
584	46	1611
1079	235	459
1481	131	2354
922	9	1790
661	37	2818
2662	46	1416
848	575	2338
3683	75	1786
1068	72	694
237	46	1059
2709	63	715
3179	46	367
125	220	166
3158	22	473
2099	11	256
805	278	712
1128	11	1223
2836	46	1416
2322	94	481
650	94	166
1358	46	1416
694	942	3149
3158	22	1338
1984	278	1539
323	278	715
1123	46	1416
339	99	1375
210	154	1604
3445	159	1662
3099	46	1358
1602	63	778
1659	46	1375
662	59	3653
1338	30	1331
498	333	2137
142	131	3631
731	235	712
1338	30	1699
2878	378	2648
3592	15	78
2507	46	1527
1936	75	19
1742	11	1473
3683	75	1458
2211	11	1087
802	37	166
1893	51	3183
3296	75	3775
2211	9	2212
1169	11	992
2016	94	2878
3099	46	2772
1967	46	367
185	94	1872
748	11	1188
3513	524	85
3054	12	428
364	46	475
277	278	3003
1776	46	1416
2547	22	1338
1551	75	3207
3049	11	745
1409	107	459
368	333	946
588	126	705
1594	0	3195
1806	46	475
3104	46	3392
226	46	3140
2861	46	2860
907	94	242
1078	11	2084
1140	46	475
722	160	1087
2558	46	1416
3167	94	2712
2786	46	470
920	11	1223
662	59	334
2060	235	2794
3031	11	218
2858	46	3036
116	59	90
1752	11	2166
51	53	2912
1453	46	475
715	235	712
2498	16	3253
848	575	80
694	942	164
988	371	307
3504	37	256
2511	15	103
2797	46	3280
621	94	2712
2226	9	843
298	46	1375
854	605	345
801	46	326
2829	46	1416
2411	278	459
194	46	3403
2230	46	1416
2816	46	1416
1688	46	764
2026	46	475
3315	46	1416
675	46	1416
1050	46	1416
2942	94	166
234	75	151
343	94	166
660	63	783
3394	159	2084
427	46	475
996	46	1858
1288	10	1087
3402	300	3380
1132	414	2043
189	107	326
1504	94	245
3031	63	1079
2226	94	2295
593	37	1227
3653	59	662
1878	11	84
66	169	1587
875	46	890
1420	235	345
1358	260	3232
460	46	466
3313	305	2230
1215	11	1662
1479	11	2659
1684	179	3306
56	278	222
848	575	1402
1050	329	3752
103	9	2511
742	75	1274
41	856	249
1188	333	2313
714	46	1375
2069	46	3330
1857	46	3438
753	26	3581
2630	46	1416
2363	278	325
1103	46	475
1438	46	393
3251	311	101
458	235	305
631	11	932
500	9	2511
2862	46	3036
1531	46	1416
705	46	1416
49	96	307
2181	37	345
1605	37	2411
2842	11	2957
2661	46	1416
73	46	1050
2192	46	470
1749	311	2940
2645	46	457
478	11	1087
848	575	2223
1050	333	961
324	46	1375
3378	46	475
2801	333	946
2593	46	3432
226	143	2272
1667	126	1949
1758	63	1624
3410	37	1597
354	4	82
3018	11	466
877	260	890
1481	131	1371
2229	46	2095
3614	115	219
1338	30	1879
245	46	1416
2905	11	1662
2089	46	1416
2788	323	339
368	46	1416
466	333	471
3284	46	367
3352	468	905
167	94	896
3402	300	37
2009	46	439
1493	94	2809
848	575	2672
754	278	715
2174	46	1416
1202	46	1416
210	322	1604
1724	53	910
906	135	1752
2063	131	1604
1017	11	218
234	9	3688
2493	11	2841
2102	46	715
662	75	3296
3313	305	443
2272	99	226
754	46	1375
1236	11	1223
1338	30	3158
888	126	986
3402	300	2269
1640	22	473
944	49	355
784	22	1060
98	235	764
2229	305	1223
3462	126	166
1656	46	84
854	486	385
1146	235	1661
2895	11	2230
3451	289	129
226	143	2407
2347	126	2712
1420	56	1147
831	46	2043
1240	94	3043
816	46	1416
1327	46	1087
2997	46	1416
3646	86	599
3	75	407
672	46	439
690	75	61
1427	9	843
2973	126	992
1709	46	1416
764	46	1414
3175	46	1527
2162	0	1277
992	333	563
1953	37	1949
2560	11	2575
715	278	1750
848	575	2482
2700	33	328
1338	30	2547
2213	51	289
664	46	3645
1477	69	1381
848	575	93
3286	37	1087
778	235	459
1507	16	2700
3137	94	1087
3403	414	755
2216	235	1079
1919	63	345
703	37	571
814	46	2793
2174	46	2272
75	11	1662
277	278	345
334	180	3653
3099	46	2126
1791	9	1790
3704	126	968
805	278	222
2374	46	1416
2305	107	2216
277	235	2794
848	575	746
715	348	1199
1155	46	1416
2747	414	417
976	94	2566
824	46	367
323	382	3614
295	7	158
3670	135	2140
2733	94	1087
2668	37	1223
459	46	1326
1420	235	1757
197	46	3036
1969	46	1416
3	39	3402
1263	59	1286
3059	159	1874
3460	46	1416
1729	46	2762
1245	11	166
3619	46	382
1757	348	1577
2788	46	470
439	323	130
1650	46	1416
1584	94	130
1650	46	2591
1451	159	705
3161	63	2216
1409	107	1079
3279	37	2712
167	75	1280
325	278	712
3291	12	3709
492	109	715
3738	8	3614
2864	46	3036
3623	16	3621
2336	126	166
3589	77	1782
1274	75	742
2784	278	2819
2899	26	3581
325	278	715
2811	46	1416
2771	46	3432
3251	159	1087
1338	30	2445
1704	63	222
475	378	2071
876	37	2878
2879	24	519
3069	11	1087
342	278	352
2354	131	2840
475	46	1416
202	384	995
2126	323	386
715	278	3003
3592	12	1891
2305	37	367
1718	11	2084
2179	46	3036
662	66	29
1880	46	1416
2177	890	2632
1517	46	367
3148	148	107
3124	51	3183
1123	378	2227
1365	46	1125
3556	133	2382
3105	46	3036
2738	126	1988
3523	483	2460
214	94	218
2738	11	1188
3667	94	3641
1556	735	3396
20	46	3280
3068	46	1416
1752	175	906
759	256	3726
1647	24	1820
3683	75	1810
3099	46	755
1301	107	1059
2511	12	500
226	143	3056
2863	235	712
3532	46	1416
179	152	3621
2820	46	1416
2436	24	155
943	11	3068
3622	126	130
3702	46	2566
1409	107	1465
76	43	908
2122	11	218
2983	63	345
2863	235	219
1412	46	1416
3128	126	705
4	11	1087
968	414	1858
226	143	1858
1338	30	3598
1640	22	1338
964	37	393
1640	4	1219
964	160	1087
3589	139	1782
3	16	3740
715	336	331
2973	126	358
2383	114	2434
1589	59	60
2009	99	3036
2700	79	2277
3357	46	475
2009	334	2027
662	180	505
1062	911	3684
3675	46	3392
135	46	439
331	49	1757
2060	46	1375
715	56	3194
289	241	1481
3596	94	745
391	46	386
98	235	712
3424	16	3610
202	384	1007
142	131	751
2152	329	3752
1898	46	2878
2004	11	1087
3641	46	1416
682	86	84
1059	333	1652
177	11	393
3737	7	259
1202	46	1203
3288	46	475
1528	132	107
2060	46	714
2229	46	3330
51	53	910
1378	278	715
1302	11	3641
3073	414	368
3653	180	334
2230	46	1075
298	235	764
38	46	1416
1647	59	116
3523	49	1062
708	11	2806
2751	153	2250
3465	46	3056
2789	46	1375
1721	77	1621
848	575	1340
2715	711	2292
3402	300	920
3313	305	968
216	59	116
147	46	1050
3592	12	78
1988	333	3029
2679	46	1416
1288	0	1277
2513	46	2772
1422	86	599
199	46	3036
313	126	571
1001	22	960
848	575	463
261	175	148
324	46	329
2905	94	1662
854	486	166
689	7	413
76	10	345
3498	11	1597
1184	63	2784
2072	37	345
3295	37	3073
3075	126	166
709	11	1686
458	235	712
3702	46	2552
2661	46	755
3104	46	1416
1853	46	1854
3103	46	1988
1481	131	2030
3708	94	1874
2211	71	2212
143	16	3054
962	46	301
2912	66	652
3077	11	3181
217	46	1858
1059	333	1972
962	46	1416
783	235	1227
3313	305	745
2190	46	1416
961	159	1597
2678	46	458
1634	46	1223
1749	994	1756
383	46	2126
886	46	1050
764	278	459
42	613	753
3165	11	2653
222	99	470
539	906	720
2343	387	848
2985	63	2819
481	46	2819
1838	11	3277
226	99	3140
202	384	1744
929	11	466
2863	293	3614
784	22	761
1798	422	3288
219	235	345
3337	107	1661
2538	11	2712
895	46	367
1281	11	1087
1998	46	3140
3149	238	720
3452	129	1331
3469	46	2814
1114	546	2250
1382	46	1416
2307	63	222
2789	46	1539
19	75	1936
1174	46	3036
1917	11	166
3077	94	3181
2771	46	290
1879	22	3616
480	11	1874
1146	46	470
2346	414	367
1577	109	1757
2081	11	256
848	575	3337
1546	272	496
2010	46	1416
325	278	1582
3402	300	926
325	46	1414
2602	11	699
3541	63	715
2097	75	1466
731	46	1375
2854	53	143
3614	29	2216
2864	46	1416
890	46	877
687	46	1416
2145	46	311
2043	46	1416
1776	46	1087
1481	230	289
77	133	2382
3730	66	259
435	698	471
3091	46	475
1132	46	1527
1146	235	345
2346	46	1416
805	278	2819
1204	46	1416
1793	46	1416
142	131	1892
1757	235	712
103	94	1087
202	384	442
125	46	475
3142	11	801
440	94	203
3313	305	2310
1545	37	345
360	46	497
202	384	221
784	22	960
3525	46	470
3313	305	1223
2788	235	2819
2176	46	3392
1466	75	1730
1001	22	473
123	126	2216
1050	323	1597
3296	75	662
472	46	385
2472	46	1416
2537	46	1416
163	16	3688
3183	35	142
2433	235	712
429	260	430
339	99	470
297	94	358
3232	46	1416
906	272	728
1246	117	1245
387	11	3508
1338	30	1001
731	278	764
1798	126	1223
2459	37	3036
2463	7	2462
1647	59	90
137	463	1026
3658	11	2470
226	143	755
2199	46	3036
1782	77	3589
1079	235	712
688	11	1087
202	384	2582
1319	11	1762
2600	22	473
71	46	1416
261	24	1076
2011	293	3614
15	26	3581
1060	30	784
314	53	1655
3091	46	1416
668	126	1597
303	235	712
3469	46	1416
3175	46	2537
1500	51	2970
2131	94	166
3003	235	712
334	59	3653
1878	114	2434
420	11	1733
1246	835	84
226	99	3438
689	7	2905
222	56	3066
234	175	2007
2068	46	1416
2772	788	2918
2710	63	715
976	11	2566
2215	170	41
352	348	3487
3357	46	1416
1378	46	457
1112	10	715
2583	46	2577
2863	235	459
731	278	1130
119	94	954
1371	322	283
19	11	166
626	735	629
383	414	2126
1815	12	929
1488	94	393
1360	46	1416
562	63	2216
716	63	715
2513	46	1416
1553	385	2947
2753	46	417
1397	126	655
216	59	1647
3508	46	2216
2698	651	3616
2061	46	1416
1621	139	1721
2145	260	2143
1493	75	253
1146	278	1757
968	46	1858
1502	260	2955
2568	698	200
1769	53	1707
277	235	712
1059	46	1416
1746	73	1741
3476	37	1785
75	276	122
470	99	2788
3589	77	3000
1879	22	1338
2879	175	519
778	46	1375
246	11	1087
1757	235	345
2134	11	1966
1786	75	3683
2127	414	3140
2353	126	1597
621	11	2712
2457	7	708
2158	126	1874
104	114	2434
3288	682	1223
1132	378	1725
603	81	3614
1378	235	715
2170	730	3074
657	11	1874
1463	15	691
409	273	222
1500	86	1597
246	94	2659
1527	378	1327
3146	67	1414
731	278	1539
2384	348	2395
2940	46	393
3305	114	2434
593	37	3520
2241	46	1416
200	735	1976
76	3	2216
2433	278	712
3131	46	1125
1504	11	245
1969	46	1412
2856	476	2568
3340	46	1416
106	272	111
1555	22	1338
2967	46	1059
2152	235	345
2038	372	1227
623	16	3688
3402	300	3
427	46	3330
3003	73	712
1988	333	3198
1502	329	3752
2382	583	809
3198	735	869
2078	35	2416
679	0	3291
1420	46	55
3579	46	197
504	53	105
552	63	345
219	235	712
2784	46	470
197	46	199
3425	46	2744
848	575	1294
1776	46	2659
3020	75	656
216	11	166
2211	16	2212
3073	46	1416
1460	139	3143
2747	46	2744
1742	53	1622
3470	260	2809
838	11	393
1188	414	1988
2840	512	2631
2747	333	2751
1074	46	475
490	99	1750
352	260	1659
1500	14	2970
705	333	1652
2152	235	712
1534	46	1533
2272	46	1416
2253	59	1106
1355	288	609
1534	46	1416
2617	46	1416
1182	11	2712
2200	46	3036
1206	160	218
1527	378	1725
3306	119	1684
2108	11	1762
1072	46	475
234	59	235
2240	46	1416
6	63	1227
120	117	505
2560	94	218
1375	99	2788
888	126	1597
303	235	345
715	348	2762
545	46	542
3054	15	428
1579	11	992
460	46	311
325	278	459
2111	266	2250
2458	11	166
4	94	2659
2384	260	2395
2789	45	325
2206	682	2448
848	575	2945
331	49	1079
234	66	28
1102	11	3403
1326	46	770
1363	512	1604
1527	378	2507
2142	698	961
1174	46	84
582	94	2712
1062	11	1223
2222	46	1416
3003	235	459
849	11	992
2738	352	663
1757	46	1577
2094	8	3614
1378	278	712
3225	46	218
2498	9	3253
1972	159	599
66	114	2434
3621	15	3623
2097	75	1730
3068	414	3328
314	66	691
1644	46	367
1358	323	3232
3303	11	1202
3182	69	166
1697	46	3280
2350	48	1808
1565	126	599
144	160	1597
1388	159	3641
3718	94	1132
715	348	492
2060	235	778
3142	94	801
1357	46	1416
1121	11	1188
1365	46	1203
1357	46	1360
2318	63	1227
1504	272	1503
694	942	812
1782	139	3000
3765	126	1874
996	46	1416
3523	483	791
810	63	352
3408	131	210
475	260	2230
335	46	326
1074	46	1416
340	46	1375
1984	235	2788
123	63	2216
202	384	1082
2216	46	1416
507	94	828
1597	333	984
202	384	1451
1420	235	712
1755	698	471
1246	126	84
142	393	1481
3131	46	1416
183	46	1416
1707	53	293
2411	235	345
3713	46	1087
2923	37	2801
2790	37	345
1791	75	3478
1079	46	1416
189	37	2801
226	46	3056
1135	59	1163
3120	99	342
3120	46	1375
3409	46	2744
749	603	289
1332	63	1661
1647	59	19
2654	46	1059
1246	135	1245
731	46	1414
2268	63	715
848	575	2326
468	11	1874
805	235	305
2724	244	3614
459	235	712
3003	46	712
164	942	165
3462	11	2747
2308	63	2216
353	46	715
144	49	2142
1913	14	2970
202	384	1743
2827	39	751
816	46	1132
2380	46	2381
1747	309	325
2380	414	367
2094	15	2093
1644	46	1416
331	49	1661
2223	387	848
1182	24	2292
470	99	222
817	46	439
226	46	1416
584	46	1416
959	107	2216
3621	79	179
682	94	571
2511	15	708
314	86	3154
2789	99	1539
1095	11	2878
959	37	367
169	9	2101
968	46	1416
2450	22	473
1707	63	2216
1226	46	475
1783	46	475
1716	153	2250
1571	11	1874
385	333	3052
1783	220	166
3179	562	3181
2183	159	386
2537	309	2216
3392	260	84
3626	46	1662
266	142	264
3316	46	475
3262	244	3614
762	498	715
1079	336	331
2337	11	1686
1661	235	219
2152	46	3448
641	11	498
3752	19	2152
421	46	1416
1917	180	796
1493	75	690
3741	46	1527
120	66	2159
160	7	25
2094	12	1261
492	46	1375
1481	131	3183
71	46	1597
1711	46	1416
342	235	712
1035	584	2285
1755	244	3614
2380	46	367
717	94	571
225	160	1223
143	66	359
507	11	828
848	575	1369
848	575	2953
3125	75	3
2712	378	1117
98	46	1414
2845	11	705
1573	94	282
185	11	1872
77	194	107
708	272	1891
927	86	2712
848	575	2668
2767	46	290
1815	3	345
886	46	1416
1223	46	475
1574	11	393
342	99	3120
2928	82	1231
89	46	1416
1439	159	599
2222	46	1125
3164	63	2216
226	46	326
342	348	857
2359	11	368
2424	114	2434
3464	46	3463
1985	37	1199
715	235	764
2241	46	2772
226	99	2407
3464	46	3056
2940	46	3438
2789	45	1539
3492	16	2511
3105	46	1416
662	86	166
954	46	3140
848	575	2519
429	278	715
40	11	1874
25	170	41
2800	63	345
588	126	1874
47	12	2012
2789	45	2788
689	7	3623
83	126	2712
707	682	242
385	46	1416
2369	201	477
3052	159	385
2675	46	3056
16	16	3054
3251	153	2250
363	426	115
3512	94	745
247	402	459
2769	46	1527
1812	46	427
1815	15	929
353	46	1375
1494	46	1416
1745	37	345
891	46	367
419	46	1416
1040	46	2731
3462	126	3409
1040	220	2084
699	46	1059
1493	126	992
21	126	466
463	387	848
365	1004	2737
3128	114	2434
1942	46	1050
189	107	3140
439	99	2009
215	46	3392
1465	46	1326
3362	46	1416
1744	159	1087
75	75	690
331	49	2788
2216	278	459
956	11	402
1285	11	1662
19	59	1647
1100	16	2162
1832	26	3581
378	46	367
182	46	368
2397	46	326
2712	378	2399
1481	131	3748
1115	94	1515
1169	94	992
3315	46	3316
1163	94	2084
1809	94	3475
3421	46	417
3403	46	755
2127	46	3140
1447	94	1685
2395	46	2384
2181	181	345
1481	131	729
2996	230	1362
2156	46	1059
1338	30	415
1537	966	3244
118	126	393
2996	76	751
2840	35	2354
137	641	1026
1597	333	961
799	631	1200
21	126	311
1965	46	1416
2152	46	1416
695	11	498
486	11	393
2226	16	843
2948	46	475
459	278	1750
2272	323	498
2808	693	2809
902	63	764
216	24	94
1842	266	2250
1791	11	1803
132	126	1762
332	46	1375
427	46	1416
54	11	1087
835	53	2692
3073	46	368
2060	278	345
668	11	242
112	46	3392
2739	16	53
2145	46	1416
3055	94	218
3057	729	2250
200	476	2568
2262	46	475
2914	46	1416
1315	39	3402
2011	46	3448
1508	46	1416
1996	99	301
848	575	97
1440	11	466
1059	323	1611
3192	46	1416
1709	46	368
848	575	1542
1917	175	796
1492	77	3501
564	11	498
444	46	2772
2747	46	417
3056	46	1416
234	16	3740
701	46	1416
2571	406	1574
1375	99	1984
3306	119	927
929	16	1815
1378	235	712
3596	11	745
1360	46	1357
3025	11	1874
98	235	715
325	278	2788
336	336	337
497	421	1813
893	46	367
297	11	358
1936	75	1015
738	126	166
1466	11	2084
1662	333	3446
1661	336	331
15	135	2394
1026	517	137
833	7	832
3700	15	3339
464	160	954
1238	46	2772
3576	63	222
3304	46	3280
2657	46	755
2784	278	2788
999	22	1338
274	46	318
57	46	752
2247	735	2248
2639	126	1839
512	11	1686
2216	711	2292
1327	46	671
1869	46	1416
118	11	1597
1572	11	1087
2784	235	712
1970	63	2216
1913	16	3740
3523	247	791
1496	94	1132
3708	75	623
715	46	1375
1050	260	1597
2094	12	2093
2395	73	2384
2863	278	712
1878	86	1188
1434	46	1416
1510	46	1416
1681	94	954
1327	220	1087
130	414	439
179	152	2101
472	46	311
3675	46	2599
238	333	1352
2215	26	3581
690	126	166
2384	278	2819
247	273	459
435	75	3
2803	63	325
2206	46	382
1868	12	410
3640	11	393
3069	94	1087
824	414	367
1467	11	847
3267	86	3073
1854	46	1416
3248	46	764
331	49	1227
2156	46	1416
331	49	222
3718	16	3356
2850	46	2509
120	274	505
2124	63	222
43	626	682
715	278	352
1701	22	3616
219	382	3614
1707	336	1144
690	75	124
1461	11	2712
848	575	189
2733	11	1087
2681	46	1416
3188	131	3748
3532	46	3438
2636	11	992
295	7	2312
663	261	2738
1585	37	367
893	46	1416
3202	46	1416
873	46	1416
3462	94	3429
2771	46	1527
854	486	1188
3065	37	1050
22	94	1762
331	49	715
6	272	2358
664	46	1416
2133	126	1662
323	293	3614
709	126	1686
1481	230	2128
1573	11	282
514	94	1223
628	11	3330
3403	46	1416
1074	260	1070
1390	11	1473
282	46	1416
1203	46	1416
2244	11	571
2226	11	2295
1502	323	1022
2215	94	3520
549	90	3523
1074	46	1070
3054	21	2250
1103	46	1416
1397	94	655
801	46	1416
1936	94	1087
1229	11	3073
2011	46	1416
2384	278	222
3001	94	1087
3304	46	1416
2199	46	1416
3128	126	1597
1944	406	3252
3316	46	664
2168	94	2836
1379	94	847
1585	37	1515
1574	923	2571
1958	94	3175
1427	16	843
848	575	3286
3547	69	721
1909	37	3438
1500	66	662
1782	77	3000
553	46	1416
657	94	1874
1305	126	1087
3392	46	1416
3125	16	1220
1768	175	3427
1379	11	847
3523	304	746
1428	11	166
1707	53	2159
1597	414	1050
164	56	337
331	49	783
2411	235	712
1046	11	2074
717	11	571
2767	46	1527
3001	11	1087
1878	94	84
222	99	714
1640	61	1219
2433	235	715
3465	46	3463
331	49	2216
3443	11	2959
1757	235	1420
3091	46	218
972	75	1214
844	94	1022
3380	39	3402
955	46	475
1466	126	2084
1026	680	137
3508	46	1412
56	235	712
309	39	2218
3232	46	1358
1669	48	1668
2395	109	2384
303	278	2793
926	126	166
1944	311	1674
1245	24	1246
1647	11	166
3059	153	2250
15	117	741
248	63	219
1647	59	216
2143	46	2145
1822	86	385
394	63	715
580	94	2809
1672	46	2126
848	575	225
87	46	1416
1527	378	1521
1541	37	393
490	99	3223
480	63	2819
352	323	1659
3421	46	1416
352	235	712
234	24	2007
2767	46	1087
1281	94	1087
343	11	166
2771	46	1416
77	938	3513
769	46	1050
504	94	1087
2216	348	1412
2568	94	84
3752	19	311
1893	26	1594
2511	15	500
3079	49	355
106	126	3140
1223	46	1416
2289	590	265
821	46	439
2422	379	2417
840	11	1087
3046	63	302
2769	46	3432
714	46	752
303	235	2819
3214	63	2819
2258	448	568
282	46	367
2547	22	473
3552	19	2011
3461	94	2659
481	46	470
1072	46	1416
56	260	57
376	96	652
15	94	2659
2722	63	345
1240	11	3043
877	46	1050
3052	153	2250
1756	859	1749
1078	94	2084
916	46	2126
2459	160	89
848	575	464
936	86	2712
154	46	1050
848	575	1190
1996	161	2123
2675	46	1416
3054	15	143
2927	46	1416
222	46	3515
2208	126	2740
15	117	1737
385	378	1801
1585	160	1515
1101	46	1416
2998	107	3130
1420	235	222
994	46	2772
3292	220	3264
1263	244	3614
2571	159	166
1662	333	3445
1521	46	1527
3670	135	3575
489	160	1087
222	235	712
3459	11	476
282	414	367
1070	46	475
1821	46	1059
1040	46	2084
890	46	1050
1572	94	1087
708	16	2511
836	11	166
3516	11	2712
3315	46	475
309	11	915
3024	94	1597
3248	46	1375
1597	46	1050
222	336	3515
173	114	2434
15	11	1087
2919	46	1416
1545	107	222
3741	46	1416
430	46	429
1707	66	3305
119	11	954
1464	126	1597
3337	37	1661
2011	329	3552
3146	67	2216
2262	46	1416
2216	235	712
821	46	1416
1496	11	1087
830	378	3070
1326	46	459
1837	46	311
662	180	334
2024	76	2195
1913	9	2228
199	46	1416
10	371	307
3765	126	1087
694	1161	720
2511	12	656
429	278	345
144	37	877
1428	94	166
3707	244	3614
154	46	1416
2305	37	1662
3054	79	2250
1808	276	2350
3146	67	1375
848	575	192
1358	46	2830
3024	11	1597
2787	46	1539
3171	260	3343
1357	46	475
2843	11	1205
3125	9	1220
1688	46	1375
2801	46	1416
721	46	1416
2769	46	290
1733	46	1527
2617	46	2216
3047	11	1465
3465	46	1416
1115	86	1087
2024	230	208
690	75	1493
1783	46	166
1850	46	1416
695	94	498
922	63	1227
721	46	664
202	384	560
314	66	29
59	11	1462
1634	46	2230
340	46	329
1072	46	1074
3128	11	393
840	126	1872
378	46	1416
365	1004	939
1420	46	470
1355	154	1363
274	46	1416
1340	37	2712
721	414	664
1505	63	2216
1902	9	1903
171	46	1416
1907	86	3073
3225	46	1416
1367	46	470
1838	94	3277
3616	30	371
3082	132	3523
1764	46	1762
954	378	1373
848	575	2916
238	46	1416
1201	11	1123
111	11	358
589	86	166
1681	86	2566
2825	131	2970
650	11	166
866	11	1087
2057	11	1238
1501	46	1416
848	575	1909
922	94	3520
1707	126	2216
683	59	684
685	11	1087
1837	46	1416
3062	11	1337
1752	175	728
813	37	345
4	126	1087
352	278	715
848	575	3336
2181	107	470
281	63	345
2753	414	417
2590	46	470
848	575	1345
848	575	144
2284	46	1125
144	160	890
1274	272	1273
1857	378	1859
840	114	2434
1662	414	367
2127	46	1416
2380	46	1416
784	22	1338
2915	37	1611
352	235	342
325	99	1747
2739	86	166
1768	24	3427
836	94	166
2213	94	3641
1556	159	2084
3420	11	2066
891	46	1416
1913	51	2970
144	107	1079
3464	46	1416
2861	46	1416
22	126	1762
733	160	1087
270	63	222
3523	613	2067
3080	387	848
1192	11	386
2395	46	470
890	414	1050
98	278	1130
2801	414	368
3658	94	2470
2433	278	715
1534	414	2816
3296	611	3472
2998	37	367
2324	46	1762
2433	46	457
274	378	335
2394	24	15
3752	19	1050
2083	46	2095
280	46	1416
708	94	2806
96	86	1132
2251	46	3280
1829	51	2385
519	135	2879
848	575	2002
1735	46	1416
3215	37	2712
2450	22	1338
2511	12	1830
164	72	694
695	86	166
1707	53	3238
639	11	992
695	126	498
2152	278	1146
1420	278	222
2765	63	715
109	63	345
1397	11	655
2927	46	368
1757	278	345
120	180	505
1439	735	3063
1059	333	1944
3073	46	311
1983	46	2298
3433	11	2084
1291	822	3270
584	46	1059
335	220	274
274	46	326
803	37	992
682	747	43
1661	235	712
816	46	671
922	16	1790
848	575	2932
2472	414	367
1761	159	242
2664	11	1188
197	46	1416
848	575	2330
3752	19	2816
288	46	326
3054	10	1087
2216	382	3614
2216	336	331
2767	46	3432
1983	46	1416
3241	37	222
954	414	3140
3131	46	2407
3713	142	2001
848	575	1973
1182	135	1255
87	46	475
1681	11	954
26	11	1087
2657	46	1416
2094	79	2093
2459	164	1702
718	37	1509
1662	46	367
709	16	3740
130	46	1416
2078	35	2063
1354	11	166
1595	9	3688
2459	201	1702
1714	11	466
3054	15	425
15	135	741
3288	682	745
2784	235	345
16	266	2250
59	963	546
564	94	498
415	22	473
3301	11	1874
2940	344	1749
234	16	3688
2394	59	741
848	575	722
2784	278	712
3505	159	2841
2200	46	1416
111	272	106
848	575	959
35	46	1416
1115	11	1515
1354	266	2250
848	575	392
848	575	1096
429	323	430
2179	46	1416
519	117	2879
848	575	3080
3616	30	1331
111	94	358
848	575	659
