0	2	0
0	3	0
0	4	0
0	6	0
0	7	0
0	10	0
0	9	0
0	11	0
0	12	0
0	13	0
0	14	0
0	15	0
0	16	0
0	17	0
0	18	1
0	19	0
0	22	0
0	21	0
0	23	1
0	24	1
0	25	1
0	26	1
0	27	1
0	28	1
0	29	1
0	31	1
0	32	1
0	33	1
1	35	0
1	36	0
1	37	0
1	38	0
1	39	0
1	41	0
1	40	0
1	42	0
1	46	0
1	47	0
1	48	0
1	35	1
1	39	1
1	49	1
1	51	1
1	53	1
1	52	1
1	42	1
1	9	1
2	54	1
2	23	1
3	55	0
3	58	0
3	59	0
3	60	1
4	61	0
4	62	0
4	63	0
4	64	0
4	65	0
4	61	1
4	66	1
4	67	1
5	68	0
5	70	1
5	71	1
5	72	1
6	74	1
7	75	0
7	77	1
7	77	0
7	78	0
7	79	0
7	80	0
7	81	0
7	82	0
7	83	0
7	84	0
7	42	0
7	85	0
7	28	0
7	86	0
7	87	0
7	88	0
7	42	1
7	89	0
7	90	0
7	91	0
7	92	0
7	95	0
7	94	0
7	96	0
7	98	0
7	99	0
7	29	0
7	100	0
7	101	0
7	102	0
7	89	1
7	103	0
7	104	0
7	105	0
7	106	0
7	107	0
7	108	1
7	109	1
7	110	1
7	111	1
7	112	1
7	113	1
7	114	1
7	115	1
7	107	1
7	116	1
7	117	1
7	118	1
7	119	1
7	120	1
7	121	1
7	122	1
7	99	1
7	123	1
7	39	1
7	124	1
7	58	1
7	125	1
7	126	1
7	127	1
7	128	1
7	129	1
8	130	0
8	131	1
8	131	0
8	130	1
8	132	1
8	133	1
8	134	1
8	135	1
8	136	1
8	137	1
8	138	1
8	139	1
8	80	1
8	140	1
8	141	1
8	142	1
9	143	0
9	144	0
9	145	0
9	145	1
10	146	0
10	91	0
10	29	0
10	148	0
10	150	1
10	149	1
10	151	1
10	75	1
10	152	1
10	153	1
10	154	1
10	155	1
10	156	1
10	157	1
10	158	1
10	161	1
10	160	1
10	162	1
10	163	1
11	165	0
11	164	0
11	19	0
11	166	0
11	166	1
11	169	0
11	168	0
11	170	0
11	81	1
11	171	1
11	173	1
11	174	1
11	176	1
11	168	1
11	99	1
12	177	0
12	178	0
12	179	0
12	180	0
12	181	0
12	183	1
12	178	1
12	184	1
12	185	1
12	110	1
12	187	1
12	86	1
12	188	1
12	189	1
12	74	1
12	15	1
12	190	1
12	191	1
13	192	0
13	193	0
13	194	0
13	196	1
13	197	1
13	198	1
13	199	1
13	200	1
13	201	1
13	193	1
14	202	0
14	203	0
14	205	0
14	207	0
14	203	1
14	208	1
14	209	1
14	210	1
14	212	1
14	213	1
15	214	0
15	84	1
15	215	1
15	216	1
16	217	0
16	86	0
16	218	0
16	219	1
16	220	1
16	29	1
16	15	1
16	221	1
16	222	1
16	224	1
16	223	1
16	225	1
16	226	1
16	227	1
17	90	0
17	6	0
17	228	0
17	229	0
17	19	0
17	231	0
17	230	0
17	155	1
17	232	0
17	79	1
17	233	1
17	7	1
17	234	1
17	173	1
17	29	1
17	235	1
17	187	1
17	236	1
18	15	0
18	237	0
18	237	1
18	15	1
18	238	1
19	239	0
19	240	0
19	241	0
19	242	1
19	243	1
20	66	0
20	60	0
20	15	0
20	244	0
20	245	0
20	247	1
20	246	1
20	248	1
20	245	1
20	234	1
20	249	1
20	250	1
20	251	1
20	252	1
20	253	1
20	90	1
21	254	0
21	255	0
21	256	0
21	257	0
21	256	1
21	42	1
21	107	1
21	212	1
22	259	0
22	260	0
22	261	1
22	262	1
22	68	1
22	148	1
23	263	0
23	265	0
23	42	1
23	267	1
23	134	1
24	268	0
24	269	0
24	270	0
24	271	1
24	272	1
25	273	0
25	274	0
25	275	0
25	276	0
25	277	0
25	278	1
25	279	1
25	90	0
25	280	0
25	281	0
25	255	0
25	282	0
25	283	0
25	60	0
25	284	0
25	285	0
25	287	0
25	39	0
25	41	0
25	40	0
25	288	0
25	289	0
25	290	0
25	291	0
25	292	0
25	295	0
25	296	0
25	28	0
25	297	0
25	118	0
25	299	0
25	300	0
25	248	0
25	128	0
25	179	0
25	301	1
25	302	0
25	303	0
25	305	0
25	304	0
25	306	0
25	307	0
25	308	0
25	309	0
25	310	0
25	311	0
25	168	0
25	167	0
25	148	0
25	19	0
25	177	0
25	234	0
25	314	0
25	274	1
25	253	0
25	315	1
25	317	1
25	316	1
25	318	1
25	319	1
25	320	1
25	321	1
25	280	1
25	322	1
25	323	1
25	325	1
25	128	1
25	326	1
25	239	1
25	240	1
25	327	1
25	328	1
25	49	1
25	329	1
25	330	1
25	332	1
25	333	1
25	334	1
25	98	1
25	335	1
25	187	1
25	126	1
25	273	1
25	336	1
25	337	1
25	338	1
25	339	1
25	341	1
25	342	1
25	343	1
25	60	1
25	15	1
25	213	1
25	344	1
26	345	0
26	238	0
26	346	0
26	15	0
26	348	0
26	349	1
26	82	1
26	110	1
26	133	1
26	114	1
26	15	1
26	350	1
27	352	0
27	355	0
27	356	0
27	357	0
27	358	0
27	359	0
27	360	0
27	362	0
27	361	0
27	363	0
27	364	1
27	365	1
27	209	1
27	366	1
27	82	1
27	367	1
27	284	1
27	368	1
27	119	1
27	164	1
27	369	1
27	370	1
27	371	1
27	372	1
27	374	1
27	375	1
27	376	1
27	377	1
27	379	1
27	380	1
27	117	1
27	39	1
27	15	1
27	381	1
28	382	0
28	273	0
28	39	0
28	125	1
28	339	0
28	19	0
28	238	0
28	383	0
28	177	0
28	284	0
28	384	1
28	385	0
28	384	0
28	386	1
28	387	0
28	6	0
28	388	0
28	390	0
28	391	1
28	392	1
28	390	1
28	388	1
28	393	1
28	177	1
28	395	1
28	165	1
28	396	1
28	397	1
28	398	1
28	387	1
28	400	1
28	399	1
28	15	1
28	58	1
28	273	1
28	39	1
28	401	1
28	403	1
28	404	1
28	405	1
28	406	1
28	407	1
28	408	1
28	409	1
28	410	1
28	411	1
29	167	0
29	413	0
29	414	0
29	409	0
29	415	0
29	416	0
29	417	0
29	118	1
29	418	1
29	420	1
30	15	1
30	421	1
30	295	1
30	422	1
30	424	1
30	425	1
30	426	1
30	427	1
30	428	1
31	429	0
31	430	0
31	429	1
31	431	1
32	432	0
32	433	0
32	435	0
32	434	0
32	234	0
32	279	0
32	437	0
32	90	0
32	307	1
32	39	1
32	118	1
32	19	1
32	439	1
32	441	1
32	90	1
32	239	1
32	240	1
32	328	1
32	49	1
32	119	1
32	111	1
33	442	0
33	443	0
33	443	1
33	202	1
34	445	0
34	446	0
34	447	0
34	448	0
34	449	0
34	450	1
34	42	1
34	15	1
34	177	1
34	453	1
34	454	1
34	107	1
34	356	1
34	455	1
34	309	1
35	456	0
35	457	1
35	458	0
36	459	0
36	42	0
36	362	0
36	460	0
36	461	0
36	15	0
36	462	0
36	463	0
36	465	0
36	466	0
36	42	1
36	107	1
36	467	1
36	468	1
36	469	1
36	470	1
36	15	1
36	22	1
36	426	1
36	471	1
36	472	1
36	473	1
37	475	0
37	474	0
37	92	0
37	476	0
37	477	0
37	115	0
37	478	1
37	39	1
37	273	1
37	479	1
37	481	1
37	129	1
37	482	1
37	483	1
37	363	1
37	15	1
37	485	1
37	484	1
37	476	1
37	212	1
37	486	1
38	256	0
38	487	0
38	256	1
38	369	0
38	488	1
38	489	1
38	491	1
38	133	1
39	134	0
39	115	0
39	107	0
39	414	0
39	493	0
39	42	1
39	107	1
39	469	1
40	494	0
40	495	0
40	496	0
40	167	0
40	497	0
40	498	0
40	39	1
40	40	1
40	41	1
40	500	1
40	499	1
40	167	1
40	501	1
40	117	1
40	502	1
40	503	1
40	173	1
40	504	1
40	505	1
40	506	1
40	418	1
40	507	1
42	511	0
42	512	0
42	513	0
42	515	0
42	516	0
42	216	1
42	517	0
42	15	0
42	169	0
42	168	0
42	515	1
42	516	1
42	15	1
42	116	1
42	29	1
42	518	1
42	519	1
42	61	1
42	233	1
43	520	0
43	522	0
43	521	0
43	127	0
43	523	0
43	524	0
43	525	0
43	526	1
43	527	1
43	528	1
43	530	1
43	531	1
43	532	1
43	534	1
43	535	1
43	536	1
44	537	0
44	539	0
44	365	0
44	369	0
44	363	0
44	99	0
44	87	1
44	541	0
44	542	1
44	369	1
44	543	1
44	544	1
44	355	1
44	80	1
44	545	1
44	212	1
44	546	1
44	92	1
44	469	1
44	548	1
44	549	1
44	119	1
44	551	1
44	552	1
44	477	1
44	110	1
44	129	1
45	553	0
45	554	0
45	555	0
45	554	1
45	556	1
45	557	0
45	558	0
45	559	0
45	560	0
45	562	0
45	561	0
45	563	0
45	566	0
45	567	0
45	569	0
45	568	0
45	571	0
45	572	0
45	573	0
45	571	1
45	311	1
45	385	1
45	126	1
45	568	1
45	575	1
45	561	1
45	39	1
45	576	1
45	295	1
45	560	1
45	566	1
45	177	1
45	577	1
46	578	0
46	106	0
46	580	0
46	579	0
46	6	0
46	297	0
46	581	0
46	582	0
46	236	0
46	583	0
46	584	1
46	585	1
46	124	1
46	586	1
46	587	1
46	253	1
46	588	1
46	589	1
46	590	1
46	19	1
46	591	1
46	15	1
46	151	1
47	592	0
47	595	0
47	526	0
47	596	0
47	260	0
47	52	1
47	597	1
47	87	1
48	598	0
48	599	0
48	599	1
49	600	0
49	601	0
49	600	1
49	602	1
50	603	0
50	604	0
50	576	0
50	605	0
50	606	0
50	607	0
50	609	0
50	610	0
50	611	0
50	612	0
50	90	0
50	116	0
50	613	0
50	614	0
50	615	0
50	616	0
50	19	0
50	617	0
50	233	0
50	618	0
50	621	0
50	619	0
50	620	0
50	39	0
50	622	0
50	623	0
50	624	0
50	625	0
50	626	1
50	627	1
50	628	1
50	629	1
50	630	1
50	631	1
50	624	1
50	633	1
50	632	1
50	634	1
50	635	1
50	636	1
50	586	1
50	597	1
50	638	1
50	637	1
50	639	1
50	641	1
50	640	1
50	642	1
50	643	1
50	644	1
50	645	1
50	569	1
50	646	1
50	647	1
51	648	0
51	649	0
51	650	0
51	19	0
51	652	0
51	653	0
51	654	0
51	118	0
51	655	1
51	119	1
51	656	1
51	657	1
51	658	1
51	15	1
51	660	1
51	661	1
51	662	1
51	99	1
52	663	0
52	39	0
52	273	0
52	256	0
52	664	0
52	665	1
52	666	1
52	667	1
52	196	1
52	668	1
52	669	1
52	670	1
53	466	0
53	671	0
53	672	0
53	597	0
53	673	0
53	674	0
53	675	1
53	466	1
54	19	0
54	676	0
54	677	1
55	19	0
55	118	0
55	134	1
55	253	0
55	678	0
55	138	0
55	42	0
55	134	0
55	680	0
55	682	0
55	683	0
55	684	0
55	320	0
55	685	0
55	686	0
55	502	0
55	273	0
55	435	0
55	688	0
55	42	1
55	107	1
55	689	1
55	690	1
55	691	1
55	15	1
55	133	1
55	692	1
55	365	1
56	693	0
56	694	0
56	695	0
56	696	0
56	67	0
56	697	0
56	698	0
56	699	0
56	607	0
56	700	0
56	173	0
56	474	0
56	701	1
56	690	1
56	702	1
56	699	1
56	703	1
56	607	1
56	704	1
56	705	1
56	15	1
56	706	1
56	707	1
56	708	1
56	709	1
56	554	1
56	710	1
56	42	1
57	322	0
57	712	0
57	496	0
57	713	0
57	714	0
57	715	0
57	716	0
57	717	0
57	325	0
57	718	0
57	719	0
57	363	0
57	369	0
57	720	0
57	322	1
57	277	0
57	721	0
57	15	0
57	722	0
57	723	0
57	134	0
57	724	0
57	726	0
57	728	0
57	727	0
57	42	0
57	729	0
57	730	0
57	115	0
57	731	0
57	733	0
57	99	0
57	734	0
57	134	1
57	88	0
57	735	0
57	736	0
57	712	1
57	737	0
57	39	0
57	323	0
57	738	0
57	82	0
57	741	0
57	469	0
57	80	0
57	742	0
57	78	0
57	392	0
57	743	0
57	744	0
57	745	0
57	746	0
57	67	0
57	747	0
57	748	0
57	749	0
57	92	0
57	751	0
57	485	0
57	752	0
57	753	0
57	469	1
57	755	0
57	128	0
57	757	0
57	448	0
57	758	0
57	759	0
57	42	1
57	760	1
57	761	1
57	762	1
57	763	1
57	369	1
57	543	1
57	365	1
57	764	1
57	765	1
57	715	1
57	766	1
57	768	1
57	769	1
57	716	1
57	80	1
57	67	1
57	771	1
57	772	1
57	774	1
57	775	1
57	776	1
57	777	1
57	778	1
57	779	1
57	133	1
57	107	1
57	781	1
57	782	1
57	783	1
57	784	1
57	785	1
57	786	1
57	787	1
57	342	1
57	473	1
57	210	1
57	788	1
57	789	1
57	790	1
57	714	1
57	138	1
57	792	1
57	793	1
57	794	1
57	746	1
57	791	1
57	795	1
57	15	1
57	379	1
57	273	1
57	341	1
58	506	0
58	797	0
58	798	0
58	39	0
58	799	0
58	28	0
58	505	0
58	797	1
59	164	0
59	801	0
59	802	0
59	342	0
59	804	0
59	255	0
59	805	0
59	807	0
59	809	0
59	810	0
59	222	1
59	811	1
59	42	1
59	812	1
59	813	1
59	125	1
59	801	1
59	815	1
59	712	1
59	816	1
60	818	0
60	819	0
60	820	1
60	821	1
60	823	1
61	824	0
61	824	1
61	825	0
61	826	0
61	827	0
61	829	1
61	830	1
61	831	1
62	832	0
62	833	0
62	546	0
62	834	0
62	29	0
62	218	0
62	149	0
62	709	0
62	835	0
62	837	0
62	255	0
62	838	0
62	840	0
62	839	0
62	841	0
62	618	0
62	167	0
62	842	0
62	843	0
62	586	0
62	844	0
62	496	0
62	3	0
62	834	1
62	846	1
62	618	1
62	233	1
62	544	1
62	847	1
62	118	1
62	678	1
62	848	1
62	467	1
62	849	1
62	753	1
62	850	1
62	851	1
62	852	1
62	259	1
62	853	1
63	854	0
63	855	0
63	348	0
63	670	0
63	856	0
63	857	0
63	859	1
63	860	1
63	861	1
63	607	1
63	862	1
63	697	1
63	865	1
63	864	1
63	863	1
63	39	1
63	867	1
63	868	1
63	869	1
63	870	1
63	871	1
63	872	1
63	252	1
63	173	1
64	873	0
64	874	0
64	874	1
64	875	0
64	876	0
64	877	0
64	878	0
64	879	0
64	880	0
64	881	0
64	873	1
64	882	1
64	883	1
64	884	1
64	881	1
64	885	1
64	886	1
64	887	1
64	888	1
64	889	1
64	890	1
64	877	1
65	891	0
65	892	0
65	893	0
65	894	0
65	895	0
65	897	1
65	367	1
65	179	1
65	282	1
65	898	1
65	892	1
65	891	1
66	899	0
66	900	0
66	901	1
66	902	1
67	903	0
67	904	0
67	905	0
67	906	0
67	907	1
67	908	1
67	60	1
67	119	1
67	909	1
67	239	1
67	240	1
67	146	1
67	910	1
67	662	1
67	911	1
67	912	1
67	691	1
67	913	1
68	390	0
68	110	0
68	15	1
69	915	0
69	117	0
69	825	0
69	916	0
69	383	0
69	386	1
69	39	1
69	273	1
69	915	1
69	917	1
70	16	0
70	918	0
70	709	0
70	919	0
70	920	0
70	921	0
70	922	0
70	923	0
70	217	0
70	690	0
70	853	0
70	924	0
70	925	1
70	500	1
70	116	1
70	923	1
70	928	1
70	927	1
70	929	1
70	930	1
70	6	1
71	641	0
71	931	0
71	12	0
71	932	0
71	933	0
71	934	0
71	935	0
71	936	0
71	937	0
71	42	0
71	938	0
71	939	1
71	19	0
71	94	0
71	940	0
71	942	0
71	941	0
71	943	0
71	944	0
71	945	0
71	745	0
71	611	0
71	946	0
71	947	0
71	469	0
71	111	1
71	948	1
71	15	1
71	117	1
71	212	1
71	380	1
71	399	1
71	42	1
71	29	1
71	100	1
71	607	1
71	107	1
71	28	1
71	257	1
71	134	1
71	950	1
71	941	1
71	951	1
71	554	1
71	952	1
71	633	1
71	632	1
71	953	1
71	954	1
71	110	1
71	955	1
71	362	1
72	956	0
72	957	0
72	355	0
72	958	0
72	177	1
72	959	1
72	473	1
72	960	1
72	696	1
72	961	1
73	339	0
73	487	0
73	962	0
73	133	0
73	963	0
73	964	0
73	965	0
73	966	1
73	962	1
73	968	1
74	969	0
74	39	0
74	275	1
74	705	0
74	26	0
74	86	0
74	587	0
74	970	0
74	971	0
74	22	0
74	972	0
74	973	0
74	29	0
74	100	0
74	975	0
74	974	0
74	976	0
74	697	0
74	168	1
74	699	1
74	167	1
74	977	1
74	506	1
74	979	1
74	978	1
74	39	1
74	308	1
74	980	1
74	981	1
74	982	1
75	983	0
75	212	0
75	399	0
75	72	0
75	15	1
75	983	1
75	984	1
75	387	1
75	22	1
75	972	1
75	985	1
75	986	1
75	987	1
75	607	1
75	988	1
75	990	1
75	473	1
75	721	1
75	179	1
76	991	0
76	992	1
76	202	1
76	15	1
76	994	1
76	993	1
77	473	0
77	995	0
77	996	0
77	997	0
77	998	0
77	999	0
77	473	1
77	19	1
77	371	1
77	966	1
77	1001	1
77	1002	1
77	1003	1
78	830	0
78	1004	0
78	29	0
78	100	0
78	582	0
78	830	1
78	1005	1
78	824	1
78	202	1
78	442	1
79	442	0
79	1007	0
79	202	0
79	696	0
79	950	0
79	1007	1
79	196	1
79	1012	1
79	568	1
79	1014	1
79	1013	1
79	442	1
79	202	1
80	28	0
80	1015	0
80	426	0
80	607	0
80	1017	0
80	1016	0
80	1018	0
80	167	0
80	818	0
80	1019	0
80	1020	0
80	820	1
80	1021	1
80	1022	1
80	15	1
81	1023	0
81	58	0
81	15	1
81	117	1
81	337	1
81	1024	1
82	1025	0
82	356	0
82	117	0
82	15	0
82	107	0
82	1026	0
82	470	0
82	42	1
82	1027	1
82	92	1
82	815	1
82	1025	1
82	1028	1
82	137	1
82	542	1
82	1030	1
83	1031	0
83	355	0
83	1032	0
83	1033	0
83	1034	0
83	1035	0
83	1036	0
83	1037	0
83	1038	0
83	1039	0
83	1041	0
83	1040	0
83	15	0
83	1042	0
83	1043	0
83	1044	0
83	1046	0
83	1045	0
83	1047	0
83	1048	0
83	1049	0
83	1050	1
83	1051	1
83	42	1
83	117	1
83	804	1
83	255	1
83	59	1
83	134	1
83	107	1
83	1052	1
83	114	1
83	110	1
83	1054	1
83	15	1
83	1055	1
83	87	1
83	92	1
83	115	1
83	477	1
83	129	1
83	793	1
83	1057	1
83	1058	1
83	745	1
83	1059	1
83	943	1
83	1060	1
83	712	1
83	39	1
83	1061	1
83	1062	1
83	369	1
83	844	1
83	1063	1
83	1064	1
83	543	1
83	719	1
83	607	1
83	741	1
83	67	1
83	1068	1
84	1070	0
84	664	0
84	1073	0
84	1070	1
84	1074	1
84	475	1
84	1075	1
85	19	0
85	1076	0
85	1077	0
85	1078	0
85	1079	1
85	787	1
85	1080	1
86	1082	0
86	1081	0
86	1083	0
86	1084	0
86	200	1
86	942	1
86	1085	1
86	1086	1
86	1087	0
86	1088	0
86	200	0
86	942	0
86	1085	0
86	1086	0
86	1089	0
86	696	0
86	1090	1
86	677	1
86	1091	1
86	1093	1
86	1094	1
86	367	1
86	1095	1
86	741	1
86	1096	1
86	1097	1
86	769	1
86	1098	1
86	1087	1
87	1099	1
87	1099	0
88	19	0
88	2	0
88	29	0
88	100	0
88	1096	0
88	741	0
88	15	0
88	29	1
88	334	1
88	1101	1
89	1102	0
89	632	0
89	818	0
89	819	0
89	1104	1
89	670	1
89	196	1
89	1106	1
89	200	1
89	1107	1
89	1108	1
89	644	1
89	1109	1
90	1110	0
90	355	0
90	1111	0
90	1112	0
90	473	0
90	162	1
90	99	1
90	843	1
90	1113	1
90	469	1
90	1114	1
91	1115	0
91	117	0
91	379	0
91	544	0
91	1117	0
91	1118	1
91	114	1
91	339	1
91	238	1
91	1119	1
92	15	0
92	325	0
92	1121	0
92	1090	0
92	352	0
92	1051	0
92	1123	0
92	1124	0
92	1125	0
92	536	0
92	1127	0
92	1128	0
92	1129	0
92	1130	0
92	1017	0
92	1016	0
92	1131	0
92	607	0
92	1132	0
92	1131	1
92	486	0
92	99	0
92	727	1
92	255	1
92	1134	1
92	1135	1
92	1136	1
92	948	1
92	1137	1
92	1123	1
92	1138	1
92	1139	1
92	325	1
92	177	1
92	107	1
92	1140	1
92	1141	1
92	42	1
92	368	1
92	607	1
92	1144	1
92	1145	1
92	1147	1
92	1146	1
92	336	1
92	1054	1
92	455	1
92	1148	1
92	1149	1
92	1150	1
92	1151	1
92	164	1
93	1153	1
94	1154	1
94	678	1
95	127	1
95	128	1
95	544	1
95	1155	0
95	1156	0
96	1157	0
96	475	1
96	1150	1
96	1158	1
96	1160	1
96	273	1
96	6	1
96	601	1
96	1161	1
96	624	1
96	1162	1
97	1164	0
97	1163	0
97	197	0
97	1165	0
97	1166	0
97	741	0
97	197	1
97	1167	0
97	1169	0
97	1170	0
97	1171	1
97	100	1
97	84	1
97	295	1
97	129	1
97	1169	1
97	78	1
97	392	1
97	277	1
97	1172	1
97	1174	1
97	1175	1
97	1176	1
97	1166	1
97	1177	1
97	477	1
97	607	1
97	1178	1
97	1179	1
97	1180	1
97	568	1
97	696	1
97	1181	1
97	196	1
97	1182	1
97	29	1
98	339	0
98	39	1
98	1184	1
98	957	1
98	399	1
99	1185	0
99	1186	0
99	1186	1
99	972	1
99	797	1
99	1187	1
100	1037	0
100	134	1
100	355	1
100	107	1
100	42	1
100	1188	1
100	1189	1
100	1190	1
100	82	1
100	115	1
100	793	1
100	1191	1
101	1192	0
101	1193	0
101	1194	0
101	1195	0
101	1196	0
101	544	1
101	173	1
101	134	1
101	42	1
102	1197	0
102	349	1
102	167	1
102	168	1
103	1125	0
103	326	0
103	625	0
103	1200	0
103	1201	0
103	1202	0
103	15	0
103	1203	1
103	1204	1
103	1205	1
104	42	0
104	1206	0
104	42	1
104	985	0
104	118	0
104	1209	0
104	92	0
104	92	1
104	1210	0
104	19	0
104	1211	0
104	692	0
104	712	0
104	746	0
104	1169	0
104	1212	0
104	67	1
104	1213	1
104	1214	1
104	116	1
104	1215	1
104	1216	1
104	330	1
104	1217	1
104	1218	1
104	80	1
104	99	1
104	714	1
104	1219	1
104	1220	1
104	235	1
104	28	1
104	1222	1
105	1223	1
105	1224	0
105	1223	0
105	302	0
105	39	0
105	1226	0
105	98	0
105	1057	0
105	1227	0
105	368	0
105	1079	0
105	345	0
105	1228	0
105	1229	0
105	1230	0
105	212	1
105	15	1
105	110	1
105	1231	1
105	474	1
105	475	1
105	1232	1
106	67	0
106	1234	0
106	1235	0
106	1236	1
106	1156	1
106	1237	1
106	1238	1
106	1239	1
106	67	1
106	1240	1
107	91	0
107	1241	0
107	42	1
107	1242	1
107	596	1
107	1243	1
107	1244	1
107	134	1
107	512	1
107	1246	1
108	1248	0
108	1249	0
108	1250	1
108	1250	0
108	1251	0
108	167	0
108	251	0
108	1252	0
108	1253	0
108	507	0
108	418	0
108	1254	0
108	1254	1
108	103	0
108	650	1
108	1255	1
108	78	1
108	579	1
108	1256	1
108	1258	1
108	67	1
108	1259	1
108	507	1
108	418	1
108	39	1
108	273	1
108	1260	1
108	1261	1
108	1213	1
108	1262	1
108	1059	1
108	118	1
108	618	1
108	1263	1
108	94	1
108	116	1
108	1264	1
108	234	1
108	19	1
108	435	1
108	1265	1
108	1266	1
108	1268	1
108	1269	1
108	129	1
108	1270	1
108	28	1
108	297	1
108	583	1
108	91	1
108	12	1
108	1271	1
108	1272	1
108	872	1
108	1274	1
108	1273	1
108	2	1
108	15	1
108	173	1
108	1275	1
108	1276	1
108	1277	1
108	976	1
108	275	1
108	187	1
108	253	1
108	235	1
108	168	1
108	236	1
108	1278	1
108	9	1
108	1280	1
108	1281	1
108	1282	1
108	1283	1
108	314	1
108	1284	1
108	981	1
108	120	1
108	1285	1
108	1286	1
109	369	0
109	793	0
109	99	0
109	82	0
109	992	0
109	1288	0
109	469	0
109	543	0
109	1289	0
109	1290	0
109	1293	0
109	42	1
109	473	1
109	810	1
109	369	1
109	1294	1
109	1047	1
109	549	1
109	355	1
109	1191	1
109	1295	1
109	1296	1
109	786	1
109	134	1
109	1297	1
109	1298	1
109	29	1
109	1299	1
109	1060	1
109	1300	1
109	930	1
109	1301	1
109	712	1
109	107	1
109	475	1
109	474	1
110	1302	0
110	308	0
110	702	0
110	1303	0
110	1304	0
110	1305	0
110	216	0
110	1306	0
110	116	0
110	558	0
110	1307	0
110	1308	0
110	1309	0
110	987	0
110	1310	0
110	625	0
110	1311	0
110	569	0
110	646	0
110	1312	0
110	3	0
110	41	0
110	397	0
110	397	1
110	409	0
110	1314	1
110	1313	1
110	670	1
110	511	1
110	1114	1
110	1316	1
111	1317	0
111	91	1
111	1320	1
111	1321	1
111	393	1
111	1322	1
111	448	1
112	1307	0
112	326	0
112	741	0
112	98	1
112	1323	1
112	1324	1
112	474	1
112	1325	1
112	670	1
112	1326	1
112	399	1
113	200	0
113	852	1
113	29	1
113	1327	1
113	15	1
113	1085	1
113	200	1
113	865	1
113	84	1
114	216	0
114	1329	0
114	18	0
114	1328	0
114	114	0
114	1330	0
114	670	0
114	1331	1
114	1332	1
114	1333	1
114	1334	1
114	1335	1
114	1336	1
115	488	0
115	1337	0
115	1338	0
115	265	0
115	813	0
115	1339	0
115	467	0
115	1340	0
115	164	0
115	107	0
115	99	0
115	80	0
115	763	0
115	307	0
115	1341	0
115	427	0
115	1342	0
115	1343	0
115	427	1
115	80	1
115	187	1
115	177	1
115	91	1
115	666	1
115	1346	1
115	475	1
115	804	1
115	225	1
115	134	1
116	443	0
116	443	1
117	1347	0
117	1348	0
117	1349	0
117	1293	0
117	1350	0
117	946	1
117	611	1
117	1351	1
117	144	1
117	1352	1
117	1353	1
117	1354	1
117	764	1
118	1355	0
118	128	0
118	1356	0
118	1357	1
118	1356	1
118	1358	1
118	1080	1
118	1360	1
119	1361	0
119	1349	0
119	1362	0
119	1363	0
119	1364	0
119	15	0
119	1365	0
119	1365	1
119	100	0
119	1202	1
119	1205	1
119	1366	1
119	819	1
119	1367	1
119	904	1
119	917	1
119	1368	1
119	127	1
120	29	0
120	1077	0
120	115	0
120	42	0
120	1294	0
120	1370	0
120	1371	0
120	1372	0
120	1146	0
120	1373	0
120	1299	0
120	1375	0
120	1376	0
120	722	0
120	1377	1
120	844	1
120	283	1
120	1378	1
120	187	1
120	177	1
120	128	1
120	1379	1
120	741	1
120	544	1
120	474	1
120	450	1
120	1380	1
120	1381	1
121	39	0
121	908	0
121	200	0
121	304	0
121	576	0
121	225	0
121	646	0
121	637	0
121	363	0
121	722	0
121	1383	1
121	1384	1
121	225	1
121	1310	1
121	202	1
121	1387	1
121	1388	1
121	1389	1
121	1325	1
121	1390	1
121	1391	1
121	1392	1
122	115	0
122	363	0
122	1393	0
122	1394	0
122	1395	0
122	670	0
122	1325	0
122	115	1
122	15	1
122	117	1
122	187	1
122	519	1
123	115	1
123	812	1
123	363	1
123	1396	1
123	42	1
123	1397	1
123	119	1
124	1400	0
124	536	0
124	1401	0
124	498	0
124	1390	0
124	1402	0
124	1403	0
124	1404	1
124	1405	1
124	1406	1
124	597	1
124	1407	1
124	662	1
125	369	0
125	1408	1
125	1230	1
125	1409	1
125	1060	1
125	1410	1
126	1412	0
126	1413	0
126	1414	0
126	339	0
126	1415	0
126	1416	0
126	1417	0
126	1418	0
126	1419	0
126	106	1
126	1420	1
126	1413	1
126	488	1
126	117	1
126	282	1
126	284	1
127	1422	0
127	1423	0
127	1424	0
127	1425	0
127	544	0
127	1021	0
127	1340	0
127	273	1
127	39	1
127	1188	1
127	1426	1
127	1427	1
127	1428	1
127	1429	1
127	1430	1
127	1431	1
127	489	1
127	1432	1
127	342	1
128	29	0
128	795	0
128	1434	0
128	1435	0
128	641	0
128	569	0
128	646	0
128	1370	0
128	1437	0
128	1438	0
128	202	0
128	1401	0
128	1439	0
128	1440	1
128	1441	1
128	1435	1
128	1442	1
128	1443	1
128	1444	1
128	1388	1
128	170	1
128	1446	1
128	1447	1
129	67	0
129	747	0
129	42	0
129	1448	0
129	1449	0
129	804	0
129	42	1
129	1450	1
129	117	1
129	134	1
130	1355	0
130	1451	0
130	997	0
130	1452	0
130	938	0
130	700	1
130	1453	1
130	1454	1
131	656	0
131	15	0
131	1455	0
131	1456	0
131	1457	0
131	1457	1
131	15	1
131	502	1
131	116	1
131	697	1
131	1458	1
131	976	1
131	1460	1
131	106	1
131	1461	1
131	253	1
131	685	1
131	118	1
131	691	1
131	1463	1
131	1464	1
132	19	0
132	61	0
132	253	0
132	115	0
132	87	0
132	42	0
132	15	0
132	1465	0
132	1466	1
132	42	1
132	15	1
132	60	1
132	1136	1
132	948	1
132	94	1
132	19	1
132	118	1
132	473	1
132	1467	1
132	1468	1
132	1469	1
132	1354	1
132	1471	1
133	1472	0
133	1473	0
133	1474	0
133	311	0
133	1475	0
133	1476	0
133	1477	0
133	321	0
133	1478	0
133	1479	0
133	820	0
133	1480	1
133	1472	1
133	1443	1
133	2	1
133	15	1
133	1481	1
133	1473	1
133	126	1
133	1483	1
133	769	1
134	355	0
134	99	1
135	363	1
135	42	0
135	363	0
135	469	0
135	793	0
135	387	0
135	1485	0
135	42	1
135	134	1
135	1486	1
135	126	1
135	793	1
136	1487	0
136	320	0
136	1488	0
136	1489	0
136	91	0
136	1490	1
136	1491	1
136	1076	1
136	587	1
136	1492	1
136	832	1
136	1493	1
136	124	1
136	506	1
136	1015	1
136	12	1
136	1494	1
136	216	1
136	1495	1
136	343	1
136	1496	1
136	39	1
136	1497	1
136	1498	1
136	1500	1
136	234	1
136	253	1
137	115	0
137	1121	0
137	1090	0
137	1501	0
137	400	0
137	399	0
137	99	0
137	698	0
137	1502	0
137	1497	0
137	1504	0
137	1503	0
137	1505	0
137	1506	0
137	90	0
137	6	1
137	1507	1
137	1508	1
137	591	1
137	1509	1
137	981	1
137	78	1
137	579	1
137	1510	1
137	33	1
137	1090	1
137	1004	1
137	1511	1
137	1420	1
138	15	1
138	39	1
138	1513	1
138	212	1
138	187	1
139	1515	0
139	327	0
139	274	0
139	1517	0
139	282	0
139	1518	0
139	1519	0
139	1515	1
139	1370	1
139	1520	1
139	15	1
140	1521	0
140	278	0
140	257	0
140	106	0
140	111	0
140	1522	0
140	28	0
140	1523	0
140	666	1
140	1524	1
140	981	1
140	1129	1
140	662	1
140	1526	1
140	1355	1
141	1527	0
141	1087	0
141	1528	0
141	1529	0
141	1530	0
141	15	1
142	1531	0
142	1532	0
142	1533	0
142	1534	0
142	1535	1
142	1532	1
142	1536	1
142	1531	1
142	1537	1
142	1538	1
143	1539	0
143	1339	0
143	466	0
143	705	0
143	409	0
143	1541	0
143	1542	0
143	1543	0
143	1544	1
143	779	1
143	722	1
144	1545	0
144	496	0
144	1547	0
144	546	0
144	1548	0
144	1549	0
144	1409	1
144	1550	1
144	455	1
144	179	1
144	1551	1
144	1553	1
145	1554	0
145	1555	0
145	117	0
145	804	0
145	1556	0
145	1389	0
145	463	0
145	42	0
145	778	0
145	1299	0
145	442	0
145	1451	0
145	127	0
145	1557	0
145	1217	0
145	311	0
145	210	0
145	1559	0
145	1560	0
145	1561	0
145	1562	0
145	1563	0
145	39	0
145	908	0
145	151	0
145	579	0
145	1565	0
145	1564	0
145	1567	0
145	1568	0
145	355	0
145	59	0
145	106	0
145	947	0
145	715	0
145	42	1
145	1562	1
145	1087	1
145	393	1
145	187	1
145	1569	1
145	463	1
145	1571	1
145	879	1
145	1573	1
145	503	1
145	1574	1
145	118	1
145	247	1
145	246	1
145	248	1
145	39	1
145	908	1
145	107	1
145	1575	1
145	1576	1
145	1577	1
145	455	1
145	469	1
145	124	1
145	339	1
145	1486	1
145	1515	1
145	1579	1
145	1580	1
145	1563	1
145	1305	1
145	1015	1
145	1581	1
145	133	1
145	167	1
145	1583	1
145	116	1
145	1403	1
145	764	1
146	1588	0
146	500	0
146	499	0
146	1589	0
146	840	0
146	839	0
146	442	0
146	1090	1
146	1590	1
146	1591	1
147	1593	0
147	219	1
147	1594	1
147	1593	1
147	1595	1
147	1596	1
147	308	1
147	1597	1
147	134	1
148	1598	0
148	1599	0
148	1600	0
148	778	1
148	1601	1
148	1602	1
148	1604	1
149	1605	0
149	555	1
149	571	1
149	666	1
149	1607	1
150	1608	0
150	1609	1
150	448	0
150	1609	0
150	1610	0
150	1611	1
150	1611	0
150	1612	1
150	1613	1
150	274	1
150	963	1
150	133	1
150	1615	1
150	1616	1
151	426	0
151	425	0
151	1618	0
151	661	0
151	1619	0
151	177	0
151	1620	0
151	342	0
151	1621	0
151	1622	0
151	15	0
151	1623	0
151	1624	0
151	741	1
151	380	1
151	607	1
151	522	1
151	521	1
151	1618	1
151	3	1
151	41	1
151	117	1
151	1201	1
151	957	1
151	399	1
151	1625	1
151	119	1
151	1090	1
151	1626	1
151	15	1
151	60	1
151	517	1
151	555	1
151	1062	1
151	1627	1
151	1628	1
151	1220	1
151	1380	1
151	1629	1
151	448	1
151	1630	1
151	1632	1
151	1631	1
152	1633	0
152	1634	0
152	741	0
152	42	1
152	1635	0
152	1637	0
152	1321	0
152	1638	0
152	526	0
152	1639	1
152	699	1
152	1640	1
152	1641	1
152	473	1
152	80	1
152	134	1
152	212	1
153	249	1
153	1643	0
153	94	1
153	19	1
153	1643	1
153	94	0
153	19	0
153	90	0
153	287	0
153	90	1
153	652	0
153	1644	0
153	1311	0
153	1645	0
153	1646	1
153	1466	1
153	167	1
153	1644	1
153	229	1
153	1647	1
153	1370	1
153	1268	1
153	1648	1
153	1589	1
153	500	1
154	304	0
154	1539	0
154	475	1
154	442	1
154	202	1
154	1051	1
154	435	1
154	1650	1
155	256	0
155	442	0
155	355	0
155	1652	0
155	1653	0
155	1654	0
155	100	0
155	1016	0
155	98	0
155	202	1
155	689	1
155	1655	1
155	939	1
155	793	1
155	118	1
156	339	0
156	544	0
156	475	0
156	399	1
156	41	1
156	1487	1
156	29	1
156	1657	1
156	111	1
156	106	1
156	1658	1
156	902	1
156	385	1
156	764	1
156	1661	1
156	15	1
156	1223	1
156	788	1
157	15	0
157	42	0
157	1662	0
157	637	0
157	1663	0
157	42	1
157	1664	1
157	435	1
157	1665	1
157	1666	1
157	1197	1
157	717	1
158	1669	0
158	692	1
158	42	1
158	1670	1
158	365	1
158	165	1
158	1671	1
159	1672	0
159	1674	0
159	1675	1
159	1145	1
159	1676	1
159	1677	1
159	475	1
159	1679	1
160	1680	0
160	1681	0
160	1682	0
160	1683	0
160	1684	0
160	1685	0
160	1686	0
160	1687	0
160	1688	0
160	475	0
160	462	0
160	1681	1
160	1691	1
160	1692	1
160	1693	1
160	302	1
160	475	1
160	1696	1
160	1697	1
160	1698	1
161	1700	0
161	1702	0
161	1703	0
161	15	0
161	1705	0
161	1706	0
161	1707	0
161	1708	1
161	355	1
161	164	1
161	793	1
161	473	1
161	369	1
161	543	1
161	1709	1
161	539	1
161	365	1
161	15	1
161	1710	1
161	1711	1
162	19	0
162	1713	0
162	1013	0
162	1325	0
162	1714	0
162	625	0
162	607	0
162	751	0
162	202	0
162	1715	0
162	1716	0
162	1717	0
162	554	1
162	1718	1
162	1506	1
162	1719	1
162	526	1
162	1720	1
162	1652	1
162	1721	1
162	1722	1
162	1723	1
162	611	1
163	1015	0
163	1177	1
163	1496	1
163	117	1
163	128	1
163	1724	1
163	1725	1
164	105	0
164	718	0
164	107	0
164	539	0
164	365	0
164	1726	0
164	1380	0
164	28	0
164	1635	0
164	61	0
164	42	0
164	333	0
164	1727	0
164	1728	0
164	42	1
164	107	1
164	1730	1
164	119	1
164	365	1
164	99	1
164	369	1
165	1731	0
165	1732	0
165	1384	0
165	1733	1
165	1735	1
166	99	0
166	386	0
166	1322	0
166	1737	1
166	915	1
166	1738	1
166	405	1
167	442	0
167	1083	0
167	1740	0
167	1739	0
167	222	0
167	1741	0
167	117	0
167	15	0
167	202	0
167	1742	0
167	741	0
167	1007	0
167	1744	0
167	1743	0
167	1745	1
167	731	0
167	1746	0
167	114	0
167	1747	0
167	281	0
167	255	0
167	626	0
167	1749	0
167	1420	0
167	1751	1
167	336	1
167	1420	1
167	1164	1
167	1752	1
167	963	1
167	1753	1
167	1741	1
167	255	1
167	442	1
167	1754	1
167	1261	1
167	15	1
167	856	1
167	256	1
167	222	1
167	1755	1
167	110	1
167	179	1
167	202	1
167	1749	1
167	1756	1
167	363	1
167	177	1
167	1757	1
167	470	1
167	1759	1
167	187	1
167	665	1
167	1438	1
167	1760	1
167	995	1
167	1761	1
168	1762	0
168	15	1
168	1762	1
168	1763	1
168	1764	1
168	1765	1
169	42	0
169	112	0
169	1766	0
169	115	0
169	42	1
169	112	1
169	117	1
169	793	1
170	1768	0
170	167	0
170	1767	0
170	712	0
170	1769	0
170	1770	0
170	1771	0
170	1772	1
170	6	1
170	1327	1
170	90	1
170	1775	1
171	1776	0
171	1778	0
171	1281	0
171	1779	0
171	1780	0
171	1223	0
171	307	0
171	1781	0
171	61	0
171	174	0
171	166	0
171	1782	0
171	49	0
171	1286	0
171	1783	0
171	1272	0
171	1784	0
171	15	0
171	167	1
171	168	1
171	15	1
171	838	1
171	118	1
171	427	1
171	1785	1
171	1466	1
171	1333	1
171	61	1
171	1129	1
171	518	1
171	19	1
171	1615	1
171	1786	1
171	1787	1
171	1685	1
171	234	1
171	143	1
171	442	1
171	1789	1
171	1791	1
171	1790	1
171	1792	1
171	307	1
172	1795	0
172	1796	0
172	1798	0
172	1799	0
172	901	0
172	80	1
172	49	1
172	399	1
172	489	1
172	1795	1
172	1800	1
172	1799	1
172	100	1
172	620	1
172	1802	1
172	1519	1
172	311	1
172	1803	1
172	15	1
172	1805	1
172	843	1
173	85	0
173	1576	0
173	827	1
173	1806	1
173	1420	1
174	1268	0
174	1807	0
174	15	0
174	1809	0
174	1810	0
174	42	1
174	469	1
174	352	1
174	427	1
175	586	1
175	1814	1
175	15	1
175	212	1
175	107	1
175	741	1
176	1117	0
176	1662	0
176	15	1
176	322	1
177	1815	0
177	129	0
177	1816	1
177	1153	1
177	1370	1
177	187	1
177	1817	1
177	1818	1
178	1819	0
178	1820	0
178	1821	0
178	150	0
178	1822	0
178	1823	0
178	1824	0
178	61	0
178	1825	0
178	1826	0
178	237	0
178	19	0
178	10	0
178	9	0
178	442	0
178	106	1
178	1825	1
178	1830	1
178	124	1
178	61	1
178	15	1
178	13	1
178	1831	1
178	253	1
178	28	1
178	588	1
178	257	1
178	1832	1
179	339	0
179	339	1
179	1833	0
180	1834	0
180	1042	1
180	1835	1
180	1836	1
180	1837	1
181	1227	1
181	1838	1
181	1051	1
181	409	1
182	746	0
182	942	0
182	1839	0
182	70	0
182	1840	0
182	15	0
182	129	0
182	848	0
182	1210	0
182	19	0
182	1841	0
182	1842	0
182	70	1
182	1400	1
182	428	1
182	16	1
182	536	1
182	385	1
182	80	1
182	526	1
182	838	1
182	1844	1
182	1845	1
182	1846	1
182	375	1
182	376	1
182	506	1
183	162	0
183	1847	0
183	1496	0
183	302	0
183	75	1
183	1076	1
183	685	1
183	245	1
183	1850	1
183	1851	1
183	1852	1
184	1853	0
184	1148	0
184	504	1
184	1853	1
184	117	1
184	1854	1
185	1855	0
185	326	0
185	741	0
185	133	0
185	247	0
185	42	0
185	763	0
185	1857	0
185	1858	0
185	134	0
185	82	0
185	1093	0
185	1861	0
185	49	0
185	1863	0
185	15	0
185	1864	0
185	453	1
185	42	1
185	1865	1
185	119	1
185	1866	1
185	1867	1
185	1868	1
185	1869	1
185	134	1
185	1639	1
185	327	1
185	1870	1
185	1857	1
185	1871	1
185	187	1
185	408	1
185	29	1
185	1872	1
185	284	1
185	1873	1
185	82	1
185	238	1
185	1874	1
185	117	1
185	234	1
185	15	1
185	741	1
185	1096	1
185	1875	1
185	1876	1
185	775	1
185	1878	1
185	1879	1
185	1079	1
185	322	1
185	1882	1
185	1883	1
185	1884	1
186	70	0
186	1885	0
186	368	0
186	453	0
186	1886	0
186	115	0
186	712	0
186	71	0
186	1887	0
186	496	0
186	1865	0
186	1706	1
186	15	1
186	450	1
186	1885	1
186	341	1
186	107	1
186	1888	1
186	327	1
186	1054	1
187	28	0
187	930	0
187	90	0
187	1822	0
187	1646	0
187	205	0
187	1643	0
187	94	0
187	19	0
187	1481	0
187	1889	0
187	1505	0
187	1890	0
187	708	0
187	441	0
187	295	0
187	1892	0
187	1893	0
187	841	0
187	1894	0
187	1557	0
187	1217	0
187	118	0
187	1896	0
187	234	0
187	972	0
187	1897	0
187	1898	1
187	708	1
187	1899	1
187	864	1
187	1900	1
187	1901	1
187	1902	1
187	1903	1
187	273	1
187	1904	1
187	1260	1
187	1261	1
187	1905	1
188	42	0
188	114	0
188	470	0
188	1906	0
188	385	0
188	1907	0
188	42	1
188	1908	1
188	179	1
188	1909	1
188	134	1
188	1057	1
189	42	0
189	968	0
189	1302	0
189	575	0
189	1911	0
189	15	0
189	114	0
189	42	1
189	107	1
189	698	1
189	625	1
189	1383	1
189	80	1
189	1611	1
189	1913	1
190	1914	0
190	690	0
190	1915	0
190	167	0
190	1916	0
190	1917	0
190	106	0
190	111	0
190	1918	0
190	586	0
190	388	0
190	278	0
190	115	0
190	28	0
190	1920	0
190	1921	0
190	1922	0
190	599	0
190	1923	0
190	1924	0
190	1522	0
190	23	0
190	1493	1
190	124	1
190	297	1
190	581	1
190	1927	1
190	1928	1
190	435	1
190	1643	1
190	308	1
190	29	1
190	330	1
190	1931	1
190	61	1
190	118	1
190	1268	1
190	122	1
190	278	1
190	279	1
190	239	1
190	240	1
190	41	1
190	40	1
190	39	1
190	1932	1
190	15	1
190	60	1
190	94	1
190	841	1
190	1934	1
190	586	1
190	1935	1
190	1241	1
190	19	1
190	1936	1
190	1937	1
190	11	1
191	1938	0
191	1939	0
191	869	0
191	1597	0
191	520	0
191	1940	0
191	625	0
191	1941	1
191	16	1
191	428	1
191	607	1
191	1944	1
191	1945	1
191	1946	1
191	948	1
191	1947	1
192	1948	0
192	1949	0
192	1950	0
192	554	0
192	1017	0
192	1016	0
192	1951	0
192	1952	0
192	1330	0
192	1953	0
192	1949	1
192	367	1
192	1946	1
192	1954	1
192	1598	1
193	1956	1
193	841	1
193	167	1
193	90	1
193	1958	1
194	42	0
194	1959	0
194	87	0
194	15	0
194	164	0
194	1961	1
195	633	0
195	1963	0
195	173	0
195	19	0
195	1054	0
195	16	1
195	1268	1
195	1648	1
195	741	1
195	15	1
195	1964	1
195	1684	1
195	1965	1
195	167	1
196	1966	0
196	1967	0
196	1966	1
196	1968	1
196	1969	1
197	1600	0
197	1970	0
197	1971	0
197	1556	0
197	1972	0
197	1973	0
197	1974	0
197	956	0
197	1975	0
197	931	0
197	607	1
197	1971	1
197	1972	1
197	1976	1
197	200	1
197	942	1
197	575	1
197	1083	1
197	1977	1
197	1978	1
197	1556	1
198	442	0
198	1451	0
198	397	1
198	696	1
198	568	1
199	1879	0
199	1700	0
199	1980	0
199	1981	0
199	82	1
199	459	1
199	1982	1
199	371	1
199	1700	1
199	960	1
200	1983	0
200	715	0
200	284	0
200	1985	1
200	766	1
200	715	1
200	15	1
200	1986	1
200	342	1
200	1987	1
201	1988	0
201	200	0
201	1324	0
201	1989	0
201	1990	0
201	1991	0
201	1992	1
201	1641	1
201	473	1
201	355	1
201	39	1
201	1993	1
201	42	1
201	1298	1
201	1995	1
201	92	1
201	815	1
201	554	1
201	712	1
201	1996	1
201	301	1
201	793	1
202	1090	0
202	546	0
202	284	0
202	61	0
202	1997	0
202	39	0
202	273	0
202	1998	0
202	1999	0
202	274	1
202	599	1
202	15	1
202	1380	1
202	29	1
203	2000	0
203	2001	0
203	355	0
203	473	0
203	2002	0
203	874	1
203	2003	1
203	2000	1
203	473	1
203	719	1
204	1945	0
204	2004	0
204	867	0
204	1156	0
204	253	0
204	28	0
204	1403	0
204	380	0
204	1087	0
204	433	0
204	1275	0
204	1076	0
204	2005	1
204	2006	1
204	745	1
204	1846	1
204	611	1
204	235	1
204	2008	1
204	1684	1
205	2009	0
205	1057	1
205	1227	1
205	2010	1
206	2011	0
206	2012	0
206	1507	0
206	1339	0
206	2013	0
206	15	1
206	2015	1
206	1507	1
207	67	0
207	1581	0
207	2016	0
207	2017	1
207	597	1
207	2018	1
207	29	1
207	2019	1
208	2020	0
208	2021	0
208	1976	0
208	2022	0
208	474	1
209	2025	1
209	42	1
209	99	1
210	2027	0
210	1653	0
210	2028	0
210	2029	0
210	1401	0
210	1107	0
210	1727	0
210	1448	1
210	2031	1
210	2032	1
210	2033	1
210	202	1
210	90	1
211	115	0
211	222	0
211	972	1
211	1917	1
211	506	1
211	19	1
211	90	1
211	89	1
212	1333	0
212	2036	0
212	2037	0
212	1220	0
212	414	1
212	15	1
212	99	1
212	302	1
212	252	1
212	1497	1
212	2042	1
212	29	1
213	2043	0
213	2045	0
213	2044	0
213	2046	0
213	2047	0
213	662	0
213	1333	0
213	259	0
213	853	0
213	1285	1
213	1286	1
213	2049	1
213	2050	1
213	2052	1
213	187	1
213	976	1
213	2055	1
214	1487	0
214	802	0
214	2056	0
214	221	0
214	2057	0
214	2058	0
214	15	0
214	99	0
214	1371	0
214	355	1
214	42	1
214	80	1
214	2059	1
215	718	0
215	222	0
215	219	0
215	2062	0
215	15	0
215	2064	1
215	1059	1
215	2065	1
215	2066	1
215	15	1
215	670	1
215	741	1
216	2067	0
216	42	0
216	107	0
216	2068	0
216	1057	0
216	1227	0
216	2069	0
216	2070	0
216	1766	0
216	1634	1
216	2071	1
216	469	1
216	134	1
216	2073	1
216	2074	1
216	42	1
216	625	1
216	2075	1
216	2077	1
217	2078	0
217	906	0
217	2079	1
217	2080	1
217	2081	1
218	964	0
218	127	0
218	2082	0
218	2083	0
218	115	0
218	15	0
218	344	0
218	2084	0
218	2085	0
218	1051	0
218	2085	1
218	167	1
218	2083	1
218	2082	1
218	741	1
218	2086	1
218	6	1
218	360	1
218	243	1
218	15	1
218	453	1
218	2087	1
218	2088	1
218	2089	1
218	1380	1
218	2090	1
218	2091	1
218	2092	1
218	255	1
218	546	1
218	326	1
218	2095	1
218	2096	1
218	311	1
219	2097	0
219	1241	0
219	2098	1
219	9	0
219	1015	0
219	2099	0
219	2100	0
219	42	1
219	2101	1
220	622	0
220	869	0
220	2103	0
220	2104	0
220	950	0
220	2105	0
220	596	0
220	1446	0
220	524	1
220	2106	0
220	1946	0
220	2107	0
220	2108	0
220	751	0
220	942	0
220	644	0
220	646	0
220	554	0
220	100	0
220	2109	0
220	524	0
220	1506	0
220	2110	0
220	931	0
220	607	0
220	2111	0
220	2033	1
220	631	1
220	1354	1
220	670	1
220	2112	1
220	2114	1
220	2115	1
220	2118	1
220	2116	1
220	2117	1
220	2119	1
220	1330	1
220	2106	1
220	981	1
220	1613	1
220	1892	1
220	575	1
220	625	1
220	2120	1
220	2121	1
220	942	1
221	2123	1
221	1161	1
222	745	0
222	2124	0
222	59	0
222	397	0
222	15	1
222	2015	1
223	391	0
223	391	1
223	386	1
223	209	1
223	39	1
223	2125	1
223	2126	1
224	2127	0
224	2128	1
224	2127	1
225	2129	0
225	2131	0
225	1917	0
225	167	0
225	709	0
225	1015	0
225	363	0
225	1488	1
225	1280	1
225	297	1
225	581	1
225	650	1
225	216	1
225	837	1
225	2133	1
226	1324	0
226	1560	0
226	15	0
226	397	0
226	2134	0
226	638	1
226	1324	1
226	201	1
226	200	1
226	387	1
226	2135	1
226	110	1
226	2136	1
226	555	1
226	352	1
226	256	1
226	385	1
226	58	1
226	2137	1
226	2138	1
227	2139	0
227	2140	0
227	2141	0
227	168	0
227	167	0
227	1213	0
227	2142	0
227	607	0
227	15	0
227	662	0
227	2143	0
227	1716	0
227	1841	0
227	2144	1
227	961	1
227	2142	1
227	60	1
227	910	1
227	832	1
227	1492	1
227	2143	1
227	2145	1
227	2146	1
228	255	1
228	352	1
228	1064	1
228	2149	1
229	1299	0
229	1378	0
229	2150	0
229	1378	1
229	2150	1
229	305	1
230	2152	0
230	2153	1
230	2152	1
230	2154	1
230	1480	1
230	2155	1
231	2156	0
231	144	0
231	2156	1
232	2157	0
232	2158	0
232	94	0
232	19	0
232	1661	0
232	1956	0
232	2159	0
232	2160	0
232	1647	0
232	39	0
232	1058	0
232	1647	1
232	1658	1
232	118	1
232	39	1
232	1266	1
232	19	1
232	15	1
232	29	1
232	167	1
232	168	1
232	930	1
232	308	1
232	2162	1
232	28	1
232	257	1
232	91	1
232	702	1
232	690	1
233	177	0
233	2163	1
233	2164	1
233	227	1
233	2165	1
233	1330	1
233	2166	1
233	2167	1
233	287	1
233	2168	1
233	321	1
233	28	1
234	2169	0
234	2170	0
234	637	0
234	2171	0
234	2172	0
234	1600	1
234	2173	1
234	2174	1
235	1206	0
235	42	0
235	393	0
235	812	0
235	115	0
235	107	0
235	1322	0
235	99	0
235	592	1
235	2176	0
235	2175	0
235	363	0
235	369	0
235	543	0
235	2176	1
235	2175	1
235	1322	1
235	164	1
235	2177	1
235	474	1
235	2178	1
235	473	1
235	115	1
235	786	1
235	2179	1
235	1052	1
235	1298	1
235	42	1
235	106	1
235	2180	1
235	2181	1
236	995	0
236	2182	0
236	2183	0
236	1452	0
236	2184	0
236	572	0
236	2185	0
236	196	0
236	2186	0
236	2187	0
236	1945	0
236	2189	1
236	2190	1
236	745	1
236	118	1
236	1452	1
237	2191	0
237	691	0
237	1463	0
237	39	0
237	273	0
237	273	1
237	39	1
237	793	1
237	167	1
237	168	1
237	238	1
238	599	0
238	2193	0
238	753	1
238	187	1
238	2194	1
238	2195	1
238	2196	1
238	2089	1
238	2197	1
239	42	0
239	369	0
239	2198	0
239	399	0
239	2199	0
239	2200	0
239	369	1
239	302	0
239	2201	0
239	117	1
239	2200	1
239	15	1
239	746	1
239	2199	1
239	652	1
240	255	1
241	2203	1
241	67	1
241	2204	1
241	1346	1
241	1164	1
241	2205	1
241	2206	1
241	196	1
241	295	1
241	696	1
241	606	1
242	1268	0
242	1648	0
242	597	0
242	588	0
242	61	0
242	928	0
242	927	0
242	1397	0
242	2208	0
242	118	0
242	2209	0
242	369	0
242	355	0
242	2210	0
242	2210	1
242	1878	0
242	713	0
242	718	0
242	15	0
242	2211	0
242	2212	0
242	2213	0
242	2194	1
242	2214	1
242	2215	1
242	61	1
242	1145	1
242	2216	1
242	2217	1
242	2157	1
242	709	1
242	835	1
242	2218	1
242	2219	1
242	897	1
242	1544	1
242	690	1
243	1744	0
243	1720	0
243	2220	0
243	581	0
243	2221	0
243	2222	1
243	289	1
243	942	1
243	644	1
243	1970	1
243	2224	1
243	2225	1
244	2226	1
244	15	1
244	399	1
244	1123	1
244	2227	1
244	1040	1
244	390	1
244	2228	1
244	290	1
245	115	0
245	397	0
245	274	0
245	274	1
245	1487	1
245	2084	1
246	910	0
246	910	1
246	2229	0
246	939	1
247	16	0
247	2100	0
247	2230	0
247	2231	0
247	942	0
247	794	0
247	632	0
247	205	0
247	15	0
247	2233	0
247	2234	1
247	336	1
247	2036	1
247	2235	1
247	1220	1
247	1772	1
247	15	1
247	176	1
247	356	1
247	2236	1
247	124	1
247	1117	1
248	2237	0
248	1684	0
248	1684	1
248	2240	1
249	568	0
249	2243	0
249	2244	0
249	2245	0
249	2246	0
249	1246	0
249	2247	0
249	2248	0
249	956	0
249	2249	0
249	2250	0
249	196	0
249	950	0
249	2253	0
249	2254	1
249	568	1
249	471	1
249	2255	1
249	2256	1
249	2257	1
249	1720	1
249	2258	1
249	2259	1
249	2260	1
250	2261	0
250	15	0
250	2262	1
250	678	1
250	2263	1
250	963	1
250	2164	1
250	1889	1
250	2264	1
251	82	0
251	382	0
251	80	0
251	58	0
251	2265	0
251	2266	0
251	273	0
251	2267	0
251	124	0
251	295	0
251	2126	0
251	2268	0
251	2269	0
251	363	0
251	39	0
251	853	0
251	1460	0
251	106	0
251	306	0
251	11	0
251	177	1
251	2270	1
251	2271	1
251	15	1
251	2272	1
251	61	1
251	380	1
251	212	1
251	2273	1
251	709	1
251	19	1
251	114	1
251	356	1
251	234	1
251	2274	1
251	652	1
251	118	1
251	42	1
251	60	1
251	467	1
251	753	1
251	844	1
251	58	1
252	473	1
252	363	1
252	2275	1
252	2276	1
252	804	1
253	2187	0
253	1945	0
253	2278	0
253	242	0
253	242	1
253	2279	1
253	668	1
253	2280	1
253	837	1
254	2282	0
254	2284	0
254	2285	1
254	2282	1
254	325	1
254	2286	1
254	727	1
255	2288	0
255	2289	0
255	2290	0
255	426	0
255	2289	1
255	58	1
256	489	0
256	325	0
256	2291	0
256	15	0
256	2292	1
256	2292	0
256	442	1
256	202	1
256	1051	1
256	2294	1
257	196	0
257	1390	0
257	1391	0
257	200	0
257	941	0
257	879	0
257	678	1
257	2298	1
257	2299	1
257	1976	1
257	200	1
257	942	1
257	39	1
257	2301	1
257	2302	1
257	15	1
257	2303	1
258	1190	0
258	2305	0
258	2306	0
258	1941	0
258	253	0
258	2309	1
258	162	1
258	2311	1
258	339	1
258	2312	1
258	295	1
258	1618	1
259	1311	0
259	2166	0
259	2166	1
260	179	0
260	569	0
260	2149	0
260	2313	0
260	1761	0
260	2316	0
260	1744	0
260	644	0
260	2257	1
260	2318	1
260	2319	1
260	2316	1
261	2320	0
261	2321	0
261	599	0
261	42	0
261	2322	1
261	2323	1
261	42	1
261	82	1
262	2324	0
262	1332	0
262	1334	0
263	2326	0
263	2329	0
263	719	0
263	2330	0
263	2333	0
263	397	0
263	2334	0
263	2335	0
263	2336	0
263	2337	0
263	15	0
263	2291	0
263	719	1
263	2330	1
263	2338	1
263	2285	1
263	2339	1
263	703	1
263	2291	1
263	2341	1
263	2342	1
263	521	1
263	2343	1
263	542	1
264	239	1
264	240	1
264	2345	0
264	2346	0
264	123	0
264	255	0
264	308	1
264	323	0
264	2265	0
264	2157	0
264	2348	0
264	234	0
264	2349	0
264	2350	1
264	29	1
264	100	1
264	2351	1
264	253	1
264	690	1
264	2352	1
264	2353	1
264	2354	1
264	2355	1
264	693	1
264	2356	1
264	1195	1
264	2357	1
264	257	1
264	28	1
264	712	1
264	2358	1
265	60	0
265	2359	0
265	1581	0
265	365	1
265	2361	1
265	2001	1
266	42	0
266	255	0
266	469	0
266	15	0
266	1487	0
266	368	0
266	2362	0
266	489	0
266	109	0
266	133	0
266	107	0
266	1662	0
266	496	0
266	2363	0
266	784	0
266	2364	0
266	2365	0
266	2366	1
266	42	1
266	786	1
266	1662	1
266	134	1
266	393	1
266	1015	1
266	212	1
266	2367	1
266	1641	1
266	473	1
266	1117	1
266	844	1
266	496	1
266	1040	1
266	625	1
266	469	1
267	1118	0
267	1544	1
267	278	0
267	685	0
267	686	0
267	1118	1
267	1307	1
268	1227	0
268	2370	0
268	202	0
268	442	0
268	115	0
268	2371	1
268	1423	0
268	442	1
268	1451	1
268	202	1
269	2373	0
269	2375	0
269	2376	1
269	2377	1
270	2379	0
270	1362	1
270	326	1
270	283	1
270	2380	1
270	2381	1
271	2382	1
271	137	1
271	42	1
271	134	1
272	730	0
272	255	0
272	2383	0
272	521	0
272	15	0
272	305	0
272	323	0
272	352	0
272	110	0
272	2385	1
272	665	1
272	1772	1
272	1993	1
272	1150	1
272	713	1
273	2387	0
273	2388	0
273	203	1
273	2390	1
274	2392	0
274	1389	0
274	200	0
274	1299	0
274	592	0
274	546	0
274	107	0
274	804	0
274	961	0
274	987	0
274	196	0
274	2394	0
274	2395	1
274	818	1
274	15	1
274	1324	1
274	196	1
274	2396	1
274	985	1
274	2397	1
274	115	1
274	2398	1
274	2399	1
274	58	1
274	1023	1
274	1145	1
274	2400	1
275	2402	0
275	899	0
275	2404	1
275	496	1
275	134	1
275	2405	1
275	42	1
276	325	0
276	15	0
276	2406	0
276	114	0
276	2407	1
277	118	0
277	19	0
277	2257	0
277	2408	0
277	200	1
277	2409	1
277	2410	1
277	42	1
278	2411	0
278	15	0
278	2412	0
278	42	0
278	2363	1
278	42	1
278	2413	1
278	2414	1
278	1663	1
278	1601	1
279	2417	0
279	2419	0
279	2056	0
279	2420	0
279	2421	0
279	2422	0
279	1615	1
280	94	0
280	506	0
280	60	1
280	435	0
280	37	0
280	11	0
280	115	0
280	106	0
280	2425	0
280	363	0
280	2424	0
280	119	0
280	2426	0
280	167	0
280	2427	0
280	91	1
280	1816	1
280	1810	1
280	273	1
280	39	1
280	1507	1
280	6	1
280	2429	1
280	1497	1
281	124	0
281	2430	0
281	2431	0
281	1874	0
281	2432	0
281	2433	0
281	2434	0
281	804	0
281	92	0
281	2268	0
281	114	0
281	369	0
281	365	0
281	543	0
281	505	0
281	390	0
281	380	0
281	15	0
281	2436	0
281	2437	0
281	164	0
281	365	1
281	763	1
281	369	1
281	543	1
281	2438	1
281	87	1
281	39	1
281	793	1
281	930	1
281	1874	1
281	107	1
281	42	1
281	1429	1
281	2439	1
281	265	1
281	129	1
281	489	1
281	708	1
281	1899	1
281	1327	1
281	1878	1
281	743	1
281	2440	1
282	2441	1
283	107	0
283	473	0
283	2444	0
283	2445	0
283	2446	0
283	2159	0
283	399	0
283	42	0
283	273	1
283	2447	0
283	273	0
283	39	0
283	2448	0
283	2449	0
283	2450	0
283	2452	0
283	784	0
283	2454	0
283	2455	0
283	473	1
283	82	1
283	134	1
283	2456	1
283	39	1
283	326	1
283	2457	1
283	544	1
283	393	1
283	842	1
283	690	1
283	2458	1
283	42	1
283	736	1
283	1003	1
283	133	1
283	2000	1
283	1366	1
283	1641	1
283	2459	1
283	469	1
283	2460	1
283	784	1
283	107	1
283	263	1
283	697	1
283	2462	1
283	2461	1
283	173	1
283	2464	1
283	786	1
283	1030	1
283	1588	1
283	2465	1
283	255	1
283	485	1
283	2466	1
284	2467	0
284	2468	0
284	2469	0
284	2471	0
284	2472	0
284	2467	1
284	2474	1
285	2476	0
285	2077	0
285	2432	0
285	2476	1
285	2478	1
285	2259	1
285	2477	1
286	2195	0
286	242	0
286	2197	0
286	644	0
286	636	0
286	575	0
286	2480	0
286	2479	0
286	2294	0
286	2216	0
286	956	0
286	696	1
286	961	1
286	168	1
286	167	1
286	1085	1
287	569	0
287	375	0
287	798	0
287	39	0
287	1435	0
287	930	0
287	753	0
287	1298	0
287	2481	0
287	1189	0
287	273	0
287	2482	0
287	24	0
287	90	0
287	61	0
287	690	0
287	2483	0
287	2484	0
287	1375	0
287	308	0
287	328	0
287	49	0
287	15	0
287	2433	0
287	295	0
287	1294	0
287	2485	0
287	216	0
287	1135	0
287	1766	0
287	2486	0
287	1439	1
287	569	1
287	1014	1
287	19	1
287	2488	1
287	1647	1
287	2487	1
287	2489	1
287	696	1
287	177	1
287	2052	1
287	116	1
287	426	1
287	846	1
287	308	1
287	2490	1
287	2491	1
287	753	1
287	42	1
287	625	1
287	840	1
287	839	1
287	134	1
287	129	1
287	2493	1
287	588	1
287	567	1
287	15	1
287	1816	1
287	1810	1
287	118	1
287	1944	1
288	2494	0
288	804	0
288	2495	0
288	1294	0
288	2496	1
288	2275	1
288	15	1
288	2498	1
288	2497	1
288	1990	1
289	745	0
289	2499	0
289	611	0
289	273	0
289	39	0
289	382	0
289	2260	0
289	2120	0
289	1324	0
289	2500	0
289	2501	0
289	427	0
289	2244	0
289	2245	0
289	170	0
289	2502	0
289	196	0
289	2302	0
289	362	0
289	455	0
289	670	0
289	2503	0
289	607	1
289	2257	1
289	2504	1
289	1353	1
289	1316	1
289	2505	1
289	696	1
289	1129	1
289	2506	1
289	575	1
289	1111	1
289	1652	1
289	670	1
289	2507	1
289	625	1
289	2508	1
289	1395	1
289	129	1
289	2509	1
289	2253	1
289	1313	1
289	624	1
289	557	1
290	1622	0
290	910	1
290	15	1
290	939	1
290	2510	1
290	1852	1
290	273	1
290	39	1
290	1327	1
290	2511	1
290	385	1
290	842	1
290	690	1
290	2458	1
290	2512	1
290	655	1
290	117	1
290	29	1
290	741	1
290	1096	1
290	173	1
290	450	1
290	604	1
290	2513	1
290	1241	1
290	187	1
290	2514	1
290	846	1
291	847	0
291	2515	0
291	39	0
291	148	0
291	61	0
291	29	0
291	1274	0
291	441	0
291	234	0
291	2516	0
291	2517	0
291	587	0
291	16	0
291	2518	0
291	918	0
291	10	0
291	9	0
291	2519	0
291	1878	1
291	2522	1
291	2523	1
291	91	1
291	2524	1
291	652	1
291	2525	1
291	507	1
291	418	1
291	343	1
291	239	1
291	240	1
291	28	1
292	1752	0
292	2526	0
292	2528	0
292	2529	0
292	2530	0
292	2531	0
292	2532	0
292	2155	0
292	337	0
292	337	1
292	2533	1
292	2534	1
292	15	1
292	546	1
292	1298	1
292	2481	1
292	1647	1
293	242	0
293	2535	1
293	2536	1
293	15	1
293	242	1
293	1878	1
293	2537	1
294	2538	0
294	1153	0
294	2539	0
294	273	0
294	435	0
294	930	0
294	2485	0
294	2266	0
294	39	0
294	90	0
294	91	0
294	1153	1
294	160	0
294	160	1
294	1014	0
294	133	1
294	1324	1
294	638	1
294	625	1
294	696	1
294	1492	1
294	832	1
294	1280	1
294	2302	1
294	641	1
294	2542	1
294	1626	1
294	1487	1
294	1389	1
294	196	1
294	1833	1
295	544	0
295	15	1
295	2545	1
295	42	1
296	2546	0
296	2547	1
296	360	1
297	1737	0
297	2549	0
297	15	0
297	15	1
297	2552	1
297	1737	1
297	2553	1
297	2554	1
297	656	1
297	114	1
297	2555	1
297	741	1
298	2556	0
298	2557	0
298	90	0
298	2558	0
298	1505	0
298	150	0
298	149	0
298	2559	0
298	972	1
298	12	0
298	2560	0
298	506	0
298	2561	0
298	2562	0
298	28	1
298	19	1
298	106	1
298	979	1
298	978	1
298	2425	1
298	363	1
298	2424	1
298	2563	1
298	117	1
299	910	0
299	6	0
299	1787	0
299	2564	1
299	2565	1
299	2566	1
299	99	1
299	1420	1
299	362	1
299	15	1
299	6	1
299	187	1
299	1476	1
299	906	1
300	42	0
300	2567	0
300	2568	0
300	1388	0
300	626	0
300	260	0
300	2569	0
300	1134	0
300	107	0
300	728	0
300	727	0
300	629	0
300	2570	0
300	202	0
300	255	0
300	196	0
300	399	0
300	2077	0
300	2571	0
300	134	0
300	1716	0
300	15	0
300	783	0
300	555	0
300	117	0
300	473	0
300	1487	0
300	110	0
300	2084	0
300	735	0
300	42	1
300	626	1
300	2573	1
300	1380	1
300	722	1
300	409	1
300	2567	1
300	721	1
300	473	1
300	368	1
300	1641	1
300	2576	1
300	6	1
300	2577	1
300	784	1
300	475	1
300	2580	1
300	777	1
300	2581	1
300	352	1
300	134	1
300	2582	1
300	2570	1
300	624	1
300	2569	1
300	15	1
300	2583	1
300	2584	1
300	2585	1
301	42	0
301	1083	0
301	42	1
301	151	1
301	2587	1
301	1922	1
301	84	1
302	117	0
302	29	1
302	944	1
303	358	0
303	368	0
303	745	1
303	847	1
303	248	1
303	15	1
303	326	1
303	939	1
303	362	1
303	341	1
303	58	1
304	2068	0
304	2588	0
304	2390	0
304	2589	0
304	1687	0
304	1662	0
304	1999	1
304	2211	1
304	2212	1
304	2591	1
304	2592	1
304	2594	1
304	2595	1
305	399	0
305	385	1
305	1274	1
306	12	0
306	11	0
306	84	0
306	579	0
306	84	1
306	273	0
306	39	0
306	1987	0
306	393	0
306	2596	1
306	2596	0
306	2597	0
306	15	0
306	115	0
306	1423	0
306	325	0
306	2599	0
306	2599	1
306	2600	0
306	1411	0
306	1125	0
306	117	0
306	2449	1
306	1976	1
306	99	1
306	92	1
306	1379	1
306	42	1
306	2456	1
306	308	1
306	741	1
306	2601	1
306	2602	1
306	623	1
306	473	1
306	2603	1
306	2604	1
306	966	1
306	115	1
306	112	1
306	107	1
306	384	1
306	1705	1
306	1046	1
306	1045	1
306	59	1
306	119	1
306	722	1
306	289	1
306	200	1
306	961	1
306	2545	1
306	15	1
306	2605	1
306	2606	1
306	387	1
306	369	1
306	543	1
306	2609	1
306	1028	1
306	2610	1
306	1465	1
306	2611	1
306	365	1
306	539	1
306	2612	1
306	439	1
306	1212	1
306	2536	1
306	2613	1
306	804	1
306	2002	1
306	2615	1
306	2616	1
307	2617	0
307	2618	0
307	200	0
307	581	0
307	942	0
307	200	1
307	942	1
307	1085	1
307	1487	1
307	470	1
307	453	1
307	117	1
307	1117	1
308	42	0
308	107	0
308	2621	0
308	2624	1
308	390	1
309	1177	0
309	358	0
309	2625	0
309	2626	0
309	358	1
309	2627	1
309	2628	1
309	2629	1
310	42	0
310	134	0
310	469	0
310	1083	0
310	193	0
310	289	0
310	302	0
310	385	0
310	193	1
310	664	1
310	58	1
310	42	1
310	200	1
310	2302	1
310	2631	1
311	406	0
311	1311	0
311	607	0
311	1457	0
311	1507	0
311	1384	0
311	2177	0
311	2632	0
311	151	0
311	2633	0
311	951	0
311	355	0
311	1766	0
311	1518	0
311	2064	0
311	1665	0
311	2066	0
311	2062	0
311	1132	0
311	1241	0
311	2634	1
311	2635	0
311	791	0
311	61	0
311	2636	0
311	797	0
311	1015	1
311	2066	1
311	496	1
311	134	1
311	1486	1
311	42	1
311	453	1
311	177	1
311	2367	1
311	2270	1
311	118	1
311	19	1
311	840	1
311	839	1
311	827	1
311	2637	1
311	2253	1
311	607	1
311	387	1
311	969	1
311	39	1
311	308	1
311	1493	1
311	124	1
311	722	1
311	170	1
311	1939	1
311	2638	1
311	869	1
311	981	1
311	2639	1
311	2640	1
311	1397	1
311	469	1
311	2641	1
311	507	1
311	418	1
311	2210	1
311	2642	1
311	15	1
311	1465	1
311	1145	1
311	2643	1
311	2644	1
312	15	0
312	2645	0
312	1855	0
312	2646	0
312	489	1
312	2648	1
313	705	0
313	705	1
313	2650	0
313	2651	0
313	2652	0
313	2653	0
313	2654	0
313	442	1
313	15	1
313	1051	1
313	117	1
313	745	1
313	2633	1
313	2651	1
313	2136	1
313	2655	1
313	2653	1
313	1451	1
313	2553	1
314	783	0
314	2656	0
314	414	0
314	1051	0
314	2657	0
314	167	0
314	496	0
314	2658	0
314	15	0
314	2659	0
314	1090	0
314	495	0
314	453	1
314	1380	1
314	406	1
314	98	1
314	427	1
314	678	1
314	2661	1
314	2662	1
315	626	0
315	2664	0
315	2664	1
315	2666	0
315	2665	0
315	196	1
315	626	1
315	1322	0
315	946	1
315	1085	1
315	200	1
315	865	1
315	1313	1
315	15	1
315	1556	1
315	2667	1
315	471	1
316	1090	0
316	546	0
316	2668	0
316	2669	0
316	824	0
316	2670	0
316	196	0
316	2671	0
316	1330	1
316	1389	1
316	196	1
316	2672	1
317	2673	0
317	1999	0
317	2675	0
317	2675	1
317	2676	1
317	1999	1
318	1109	0
318	2482	0
318	2486	0
318	369	1
318	2678	1
319	2680	0
319	2682	0
319	2683	0
319	586	0
319	2684	0
319	19	1
319	1681	1
319	2523	1
319	474	1
319	168	1
319	236	1
319	1311	1
319	2688	1
319	1123	1
319	2690	1
319	2691	1
319	2692	1
319	1075	1
320	2517	0
320	656	0
320	2406	0
320	29	0
320	326	0
320	363	1
320	2694	1
320	1138	1
320	1139	1
320	2695	1
320	393	1
320	2696	1
320	2697	1
320	15	1
321	2698	0
321	2699	0
321	2700	0
321	2702	1
321	2703	1
321	2705	1
321	3	1
321	2704	1
321	502	1
322	15	0
322	177	0
322	208	1
322	2706	1
322	741	1
322	2605	1
322	308	1
323	49	0
323	2707	0
323	2708	0
323	15	0
323	28	0
323	117	0
323	116	1
323	1241	1
323	2458	1
323	512	1
323	1647	1
323	13	1
324	333	0
324	992	0
324	715	0
324	60	0
324	15	0
324	2159	1
324	246	1
324	766	1
324	99	1
324	652	1
324	2710	1
324	127	1
325	2711	0
325	655	0
325	2712	0
325	2713	0
325	2714	0
325	1209	1
325	1519	1
325	506	1
325	2716	1
325	1610	1
325	1492	1
325	19	1
326	2717	0
326	42	0
326	385	1
326	15	1
326	1646	1
326	111	1
327	255	0
327	99	0
327	2718	0
327	2721	1
327	2249	1
327	2722	1
327	2723	1
327	315	1
327	2724	1
327	1420	1
328	871	1
328	2725	1
328	946	1
328	1351	1
328	2726	1
328	2605	1
328	741	1
328	1624	1
329	2728	0
329	2729	0
329	42	1
329	1577	1
329	1755	1
329	110	1
329	134	1
329	802	1
330	1420	0
330	65	0
330	474	1
330	474	0
330	65	1
331	1380	0
331	2730	0
331	2731	1
331	2097	1
331	544	1
332	2732	0
332	2733	0
332	992	0
332	229	0
332	1908	0
332	311	0
332	1090	0
332	546	0
332	844	0
332	712	0
332	99	0
332	1519	0
332	842	1
332	690	1
332	2458	1
332	1294	1
332	39	1
332	106	1
332	2737	1
332	2733	1
332	506	1
332	2270	1
333	6	0
333	246	0
333	297	0
333	330	0
333	253	0
333	28	0
333	1403	0
333	2012	0
333	39	0
333	6	1
333	2012	1
333	39	1
333	216	1
333	61	1
333	67	1
333	81	1
333	1272	1
333	296	1
334	2740	0
334	709	0
334	2740	1
334	2742	1
334	99	1
334	2213	1
334	1389	1
334	1388	1
334	173	1
335	15	0
335	2743	0
335	2744	0
335	775	0
335	2746	0
335	2747	1
335	2748	1
335	2749	1
335	843	1
335	2751	1
335	2752	1
335	417	1
335	1161	1
335	1376	1
335	2092	1
335	2755	1
336	2757	0
336	2758	0
336	729	0
336	744	0
336	2759	1
336	107	0
336	2760	1
336	2766	1
336	1986	1
336	715	1
337	2767	0
337	2768	0
337	273	1
337	39	1
337	2136	1
337	179	1
337	546	1
337	2769	1
337	818	1
337	1438	1
337	2771	1
337	2770	1
337	2772	1
338	84	0
338	42	0
338	1650	0
338	1322	0
338	2396	0
338	107	0
338	115	0
338	2773	0
338	1041	0
338	1040	0
338	42	1
338	2740	1
338	2774	1
338	1379	1
338	1299	1
338	129	1
338	2493	1
338	2776	1
338	107	1
338	2777	1
338	1190	1
338	2778	1
338	2779	1
338	470	1
338	2780	1
339	2781	0
339	84	1
339	321	1
340	303	1
340	1865	1
340	731	1
340	2784	1
340	2785	1
340	310	1
340	222	1
340	1414	1
340	1765	1
340	712	1
340	110	1
340	2272	1
340	387	1
340	2788	1
340	352	1
340	255	1
340	1539	1
340	1057	1
340	1411	1
340	2792	1
340	15	1
340	341	1
340	2794	1
340	302	1
340	238	1
340	902	1
340	304	1
340	337	1
340	345	1
340	2796	1
341	1872	0
341	284	0
341	2311	0
341	712	0
341	712	1
341	2011	0
341	115	1
341	2799	1
341	114	0
341	1057	0
341	2800	0
341	2801	0
341	111	0
341	106	0
341	248	0
341	2803	0
341	2804	0
341	15	1
341	1411	1
341	775	1
341	302	1
341	939	1
341	399	1
341	741	1
341	474	1
341	1420	1
341	2806	1
341	2807	1
341	107	1
341	380	1
341	496	1
341	82	1
341	959	1
341	382	1
341	368	1
341	2605	1
341	1079	1
341	2270	1
341	2808	1
341	1380	1
341	1465	1
341	326	1
341	1487	1
341	362	1
341	360	1
341	212	1
342	339	0
342	126	0
342	42	0
342	908	0
342	2809	0
342	134	0
342	369	0
342	902	1
342	2810	0
342	2811	0
342	1993	1
342	128	0
342	238	1
342	385	1
342	289	0
342	1909	0
342	238	0
342	385	0
342	453	0
342	453	1
342	1075	1
342	15	0
342	1541	0
342	2198	0
342	2813	0
342	1379	1
342	2814	0
342	305	0
342	1156	0
342	15	1
342	6	0
342	2815	0
342	2809	1
342	1125	1
342	496	1
342	42	1
342	399	1
342	2816	1
342	1307	1
342	2817	1
342	325	1
342	607	1
342	187	1
342	741	1
342	1079	1
342	427	1
342	474	1
342	450	1
342	2814	1
342	1687	1
342	2818	1
342	326	1
342	409	1
342	114	1
342	2819	1
342	397	1
342	1059	1
342	939	1
342	309	1
342	712	1
342	284	1
342	167	1
342	2482	1
342	179	1
342	322	1
342	455	1
342	177	1
343	729	0
343	751	0
343	1379	0
343	2820	0
343	730	0
343	2821	0
343	2011	0
343	2791	0
343	2820	1
343	749	0
343	2159	0
343	752	0
343	2822	0
343	2824	0
343	2823	0
343	2195	0
343	2826	0
343	2827	0
343	283	0
343	2077	0
343	1604	1
343	1200	1
343	2831	1
343	2832	1
343	390	1
343	1411	1
343	2833	1
343	2834	1
343	2104	1
343	177	1
343	2835	1
343	1090	1
343	387	1
343	187	1
343	248	1
343	2194	1
343	1077	1
343	2836	1
343	2837	1
343	2838	1
343	15	1
343	399	1
343	2839	1
343	2394	1
343	2840	1
343	2631	1
343	2841	1
343	607	1
343	1717	1
344	1148	0
344	308	0
344	1611	0
344	973	0
344	2843	0
344	311	0
344	1184	1
344	2844	1
344	15	1
344	39	1
344	273	1
344	1890	1
344	621	1
344	619	1
344	620	1
344	1611	1
345	2845	0
345	2847	0
345	426	0
345	2848	0
345	2849	0
345	260	0
345	544	1
345	1944	1
345	2850	1
345	2210	1
345	2851	1
345	409	1
345	134	1
345	1127	1
345	1353	1
345	2852	1
345	326	1
345	2853	1
346	81	0
346	1717	0
346	2854	0
346	2855	0
346	632	0
346	620	0
346	1403	0
346	409	0
346	14	0
346	597	0
346	1217	0
346	2856	0
346	2857	0
346	888	0
346	2858	0
346	2859	0
346	2860	1
346	2858	1
346	2861	1
346	1108	1
346	2279	1
346	1195	1
346	477	1
346	413	1
346	1020	1
346	544	1
347	506	0
347	2866	0
347	2867	0
347	2868	0
347	358	1
347	115	1
347	365	1
347	2869	1
347	1339	1
347	302	1
347	1696	1
347	325	1
347	2517	1
347	2768	1
347	359	1
347	597	1
347	2870	1
347	524	1
348	273	0
348	39	1
348	167	1
348	2222	0
348	2871	0
348	2872	0
348	1826	0
348	1604	0
348	235	1
348	29	0
348	61	0
348	2875	0
348	28	1
348	133	1
348	162	1
348	2338	1
348	257	1
348	764	1
348	1647	1
348	1832	1
348	119	1
349	177	1
349	1889	1
349	2877	1
350	42	0
350	341	0
350	2878	0
350	82	0
350	2878	1
350	2772	1
350	473	1
350	117	1
350	2079	1
351	812	1
351	42	1
351	39	1
351	134	1
352	2879	1
352	2880	1
352	2881	0
352	104	0
352	2882	0
352	2883	0
352	2801	1
352	216	1
352	2884	1
352	1241	1
352	91	1
353	931	0
353	869	0
353	1164	0
353	2886	1
354	2888	0
354	1206	0
354	265	0
354	42	0
354	2889	1
354	2891	1
354	461	1
355	208	0
355	2893	0
355	2067	0
355	1192	0
355	2067	1
355	2894	0
355	179	0
355	248	0
355	1503	0
355	39	0
355	2896	0
355	2897	0
355	134	0
355	1772	0
355	363	0
355	155	0
355	1936	0
355	2898	0
355	2899	0
355	128	0
355	2900	0
355	6	0
355	680	0
355	804	0
355	369	0
355	543	0
355	365	0
355	134	1
355	168	0
355	2901	0
355	2902	1
355	921	1
355	2903	1
355	1493	1
355	506	1
355	75	1
355	2904	1
355	413	1
355	2905	1
355	42	1
355	517	1
355	177	1
355	362	1
355	253	1
355	1822	1
355	463	1
355	308	1
355	2906	1
355	722	1
355	753	1
355	2908	1
355	981	1
355	1492	1
355	832	1
355	1280	1
355	1810	1
355	1080	1
355	259	1
355	853	1
355	2910	1
355	15	1
355	113	1
355	690	1
355	12	1
355	2672	1
355	929	1
355	503	1
355	2911	1
355	116	1
355	98	1
355	680	1
355	741	1
355	2912	1
356	2878	0
356	1769	0
356	1770	0
356	1492	0
356	832	0
356	297	0
356	2012	0
356	39	0
356	6	0
356	6	1
356	864	1
356	236	1
356	278	1
357	2913	0
357	2675	1
357	486	1
357	600	1
357	86	1
358	345	0
358	2916	0
358	2915	0
358	39	0
358	2917	0
358	2918	0
358	881	1
358	2919	1
358	2920	1
358	409	1
358	882	1
358	2917	1
359	177	1
359	2597	1
360	470	0
360	427	0
360	2244	0
360	2245	0
360	170	0
360	1946	0
360	426	0
360	1080	0
360	664	1
360	804	1
360	1299	1
360	110	1
360	15	1
361	2922	0
361	2922	1
361	2923	1
362	2924	0
362	110	0
362	177	0
362	2136	0
362	133	1
362	1178	1
362	2927	1
362	99	1
362	2928	1
362	1675	1
362	622	1
362	591	1
363	406	1
363	2538	0
364	596	0
364	2930	0
364	1331	1
364	375	1
364	376	1
364	42	1
364	2931	1
364	385	1
364	2491	1
364	2932	1
365	753	0
365	2193	0
365	187	0
365	1619	0
365	599	0
365	1726	0
365	539	0
365	1300	0
365	274	1
365	743	1
365	365	1
365	99	1
365	1726	1
365	539	1
365	2934	1
365	36	1
365	930	1
365	781	1
365	369	1
366	2936	0
366	2936	1
366	2938	0
366	2	0
366	2939	0
366	975	1
366	2940	1
366	302	1
367	2941	0
367	149	0
367	2636	0
367	1264	0
367	2942	0
367	39	1
367	246	1
367	2944	1
367	61	1
368	2945	0
368	2946	0
368	2869	0
368	812	0
368	80	0
368	115	0
368	2612	0
368	355	0
368	1511	0
368	784	0
368	793	0
368	1054	0
368	15	0
368	804	0
368	2201	0
368	2948	0
368	92	0
368	42	1
368	99	1
368	2950	1
368	2952	1
368	80	1
368	1999	1
368	1022	1
368	2954	1
368	15	1
369	1597	0
369	1339	0
369	804	0
369	2956	0
369	984	0
369	2957	0
369	2486	0
369	1422	0
369	1190	0
369	2001	0
369	1597	1
369	2958	1
369	1959	1
369	1604	1
369	273	1
369	369	1
369	355	1
369	2959	1
369	1079	1
369	71	1
370	2960	0
370	2961	0
370	107	0
370	42	0
370	2963	1
370	2962	1
370	1879	1
370	473	1
371	2216	1
371	469	1
371	1294	1
371	15	1
371	363	1
371	42	1
371	60	1
372	399	0
372	255	0
372	968	0
372	968	1
373	721	0
373	1194	0
373	1195	0
373	1196	0
373	2964	0
373	61	0
373	2464	0
373	705	1
373	2965	1
373	1724	1
373	1184	1
373	2966	1
373	15	1
373	19	1
373	2967	1
374	1164	0
374	1349	0
374	1350	0
374	475	1
374	1594	1
374	2969	1
374	2971	1
374	2972	1
374	1443	1
375	2973	0
375	177	1
375	2974	0
375	818	0
375	819	0
375	413	0
375	2383	0
375	442	0
375	167	1
375	842	1
375	475	1
375	334	1
375	730	1
375	19	1
375	2976	1
375	2977	1
375	283	1
376	42	0
376	107	0
376	1311	0
376	2978	0
376	15	0
376	2036	0
376	345	0
376	385	0
376	485	0
376	2979	0
376	1243	0
376	117	0
376	469	0
376	42	1
376	134	1
376	134	0
376	2980	0
376	964	0
376	712	0
376	2981	0
376	788	0
376	248	0
376	1487	0
376	110	0
376	1370	0
376	385	1
376	1370	1
376	722	1
376	409	1
376	2982	1
376	302	1
376	1332	1
376	1855	1
376	804	1
376	255	1
376	2978	1
376	1838	1
376	15	1
376	110	1
376	453	1
376	1993	1
376	473	1
376	1380	1
376	450	1
376	1119	1
376	127	1
376	1117	1
376	2986	1
376	2229	1
377	2987	0
377	2988	1
377	1209	1
377	2989	1
377	2991	1
377	2992	1
377	1973	1
378	2993	0
378	2994	0
378	183	0
378	2995	0
378	2011	1
378	355	1
379	2818	0
379	641	0
379	1435	0
379	2996	0
379	2997	0
379	265	0
379	729	0
379	2999	0
379	662	0
379	19	0
379	95	0
379	3000	0
379	16	1
379	1717	0
379	3001	1
379	500	1
379	499	1
379	1323	1
379	1324	1
379	355	1
379	234	1
379	26	1
379	168	1
379	3002	1
379	2636	1
379	239	1
379	240	1
379	650	1
379	384	1
379	1403	1
379	3003	1
379	3004	1
379	39	1
379	562	1
379	561	1
379	3005	1
379	29	1
379	260	1
379	1945	1
379	2999	1
379	200	1
379	662	1
379	2818	1
380	915	0
380	2183	0
380	352	0
380	107	0
380	356	0
380	1217	0
380	128	0
380	3007	1
380	42	1
380	2183	1
380	915	1
381	3009	1
381	962	1
382	2197	0
382	1628	0
382	3010	0
382	3011	0
382	173	0
382	2216	1
382	1218	1
382	367	1
382	2485	1
382	3014	1
383	3016	0
383	42	0
383	134	0
383	1384	1
383	84	1
383	2136	1
383	2706	1
383	200	1
383	3018	1
384	3019	0
384	3020	0
384	458	0
384	409	0
384	3021	0
384	3022	0
384	695	0
384	1680	0
384	1681	0
384	1647	0
384	15	1
384	15	0
384	326	1
384	2250	1
384	1269	1
384	129	1
384	3023	1
384	2640	1
384	3024	1
384	1809	1
384	542	1
384	3025	1
384	3026	1
384	3027	1
384	297	1
384	581	1
384	359	1
384	521	1
384	478	1
384	1080	1
384	1087	1
384	1114	1
385	42	0
385	1164	0
385	3029	0
385	3030	0
385	3031	0
385	1597	0
385	3032	0
385	202	0
385	2568	0
385	2081	1
385	42	1
385	1658	1
385	228	1
385	3033	1
385	442	1
385	1597	1
386	2235	1
386	3034	1
386	1124	1
387	49	0
387	3035	1
387	1077	1
387	3036	1
387	3038	1
387	179	1
387	741	1
388	3039	0
388	3039	1
388	19	0
388	413	0
388	86	1
388	3040	1
388	165	1
388	29	1
388	3041	1
388	1680	1
388	3042	1
389	3043	1
389	2633	1
389	2481	1
390	3044	0
390	3045	0
390	1310	0
390	341	0
390	3048	0
390	3047	0
390	669	0
390	3049	0
390	1618	0
390	1403	0
390	3051	0
390	607	0
390	576	0
390	3052	0
390	2111	0
390	3054	0
390	3055	0
390	1951	0
390	3056	0
390	1846	0
390	2260	0
390	3057	1
390	3058	0
390	670	0
390	2029	0
390	3058	1
390	670	1
390	2029	1
390	3059	0
390	3060	0
390	1515	0
390	3061	0
390	644	0
390	2751	0
390	951	0
390	3062	0
390	1721	0
390	3063	0
390	1530	0
390	536	0
390	1127	0
390	626	0
390	667	0
390	607	1
390	951	1
390	248	1
390	3064	1
390	387	1
390	325	1
390	714	1
390	525	1
390	646	1
390	987	1
390	1079	1
390	255	1
390	3065	1
390	968	1
390	60	1
390	15	1
390	356	1
390	222	1
390	3066	1
390	110	1
390	3067	1
390	2289	1
390	2458	1
390	1054	1
390	3069	1
390	453	1
390	1639	1
390	544	1
390	470	1
390	1379	1
390	2500	1
390	1403	1
390	3070	1
390	667	1
391	2025	0
391	3071	0
391	6	1
391	3073	1
391	638	1
391	3074	1
391	333	1
391	3075	1
392	715	0
392	3076	0
392	2330	0
392	1909	0
392	3077	0
392	991	0
392	1543	0
392	847	0
392	3078	0
392	3079	0
392	144	0
392	3080	1
392	144	1
392	847	1
392	1581	1
392	469	1
392	133	1
392	369	1
392	355	1
392	3081	1
393	3083	0
393	3084	0
393	1478	0
393	760	0
393	1365	1
393	626	1
393	196	1
393	42	1
393	1007	1
393	3086	1
393	3085	1
393	3088	1
393	3087	1
393	3089	1
393	362	1
393	1322	1
393	3090	1
393	134	1
394	3092	0
394	115	0
394	2811	0
394	3093	0
394	3094	0
394	3095	0
394	3096	0
394	308	1
394	2813	1
394	3097	1
394	3098	1
395	2877	0
395	1588	0
395	3016	0
395	122	0
395	2136	1
395	2706	1
395	61	1
395	1997	1
395	1924	1
396	820	0
396	15	0
396	3100	0
396	730	0
396	2011	0
396	3101	1
396	3100	1
396	607	1
396	3102	1
396	187	1
396	3103	1
396	2591	1
397	42	0
397	115	0
397	89	0
397	3105	0
397	3104	0
397	107	0
397	384	0
397	177	0
397	2350	0
397	297	0
397	112	0
397	134	0
397	107	1
397	1261	1
397	3106	1
397	134	1
397	3108	1
397	2070	1
397	42	1
397	1409	1
397	177	1
397	275	1
397	295	1
397	3104	1
397	387	1
397	1698	1
397	3109	1
398	1487	0
398	930	0
398	3110	0
398	1487	1
398	3111	1
398	3112	0
398	15	1
398	15	0
398	3113	0
398	126	1
398	339	0
398	126	0
398	368	0
398	128	0
398	326	0
398	114	0
398	1261	0
398	110	0
398	1488	0
398	1594	1
398	125	1
398	3114	1
398	801	1
398	127	1
399	2625	0
399	107	0
399	87	0
399	990	0
399	42	0
399	486	0
399	358	0
399	365	0
399	1518	0
399	1766	0
399	355	0
399	793	0
399	15	0
399	344	0
399	38	0
399	58	0
399	1646	0
399	164	0
399	665	0
399	930	0
399	339	0
399	1607	1
399	238	0
399	358	1
399	3117	0
399	3118	0
399	234	0
399	107	1
399	42	1
399	3119	1
399	99	1
399	92	1
399	369	1
399	2341	1
399	475	1
399	474	1
399	1420	1
399	2627	1
399	3121	1
399	2067	1
399	127	1
399	3122	1
399	543	1
399	3123	1
399	784	1
399	2438	1
399	1197	1
399	15	1
399	745	1
399	662	1
399	295	1
399	399	1
399	360	1
399	359	1
399	769	1
399	3124	1
400	3125	0
400	3126	1
400	657	1
400	3127	1
400	2097	1
400	3128	1
400	39	1
400	908	1
401	1995	0
401	2294	0
401	3129	0
401	3130	0
401	106	0
401	387	0
401	390	0
401	3131	0
401	177	0
401	2928	0
401	3131	1
401	3134	0
401	2633	0
401	3135	0
401	963	0
401	2633	1
401	2294	1
401	2480	1
401	3137	1
401	177	1
401	3138	1
401	641	1
401	387	1
401	1316	1
401	334	1
401	3139	1
401	3140	1
401	3106	1
402	39	0
402	3141	0
402	99	0
402	469	0
402	365	0
402	554	0
402	304	0
402	305	0
402	115	0
402	506	1
402	907	0
402	302	1
402	420	1
402	3142	1
402	118	1
402	1465	1
402	1971	1
402	1338	1
402	133	1
402	3143	1
402	709	1
402	84	1
402	129	1
402	107	1
402	19	1
402	1015	1
402	124	1
402	1305	1
402	257	1
402	812	1
402	60	1
402	2545	1
402	15	1
402	92	1
402	587	1
402	1708	1
402	42	1
402	3144	1
402	23	1
403	3145	0
403	305	1
403	3146	0
404	3147	0
404	2067	0
404	3148	0
404	904	0
404	369	0
404	543	0
404	107	1
404	1080	0
404	365	0
404	3150	0
404	3149	0
404	369	1
404	365	1
404	2082	1
404	469	1
404	3151	1
404	1298	1
404	2379	1
405	486	0
405	42	0
405	473	0
405	920	0
405	255	0
405	486	1
405	2514	0
405	3154	0
405	1015	0
405	976	0
405	3155	0
405	134	0
405	825	0
405	399	0
405	2466	0
405	92	0
405	3156	0
405	3157	1
405	1264	0
405	1206	0
405	1051	0
405	399	1
405	804	1
405	3159	1
405	42	1
405	473	1
405	134	1
405	3011	1
405	212	1
405	28	1
405	124	1
405	793	1
405	273	1
405	39	1
405	2426	1
405	2203	1
405	3161	1
405	908	1
405	3162	1
405	2272	1
405	363	1
405	1890	1
405	413	1
406	3163	0
406	1403	0
406	3070	0
406	847	0
406	1156	0
406	670	0
406	3164	0
406	3165	0
406	3166	0
406	987	1
406	942	1
406	3167	1
406	238	1
406	1814	1
406	827	1
406	1600	1
406	542	1
406	3166	1
407	278	0
407	435	0
407	3169	0
407	6	1
407	3170	1
408	1993	0
408	3172	1
408	1724	1
408	3173	1
408	15	1
408	3174	1
408	202	1
408	3175	1
409	355	0
409	2637	0
409	3177	1
409	3178	1
410	3180	0
410	3179	0
410	543	0
410	3181	1
410	1154	1
410	498	1
410	355	1
411	3182	0
411	904	1
411	1339	1
411	1349	1
411	2379	1
411	321	1
412	3183	0
412	3184	0
412	3185	0
412	2157	1
412	474	1
412	479	1
412	3188	1
412	3189	1
412	3190	1
412	2978	1
412	3191	1
412	39	1
412	311	1
413	387	0
413	248	0
413	3174	0
413	3193	0
413	3194	0
413	3196	0
413	177	0
413	1271	0
413	1057	0
413	1626	0
413	1188	0
413	427	0
413	1280	1
413	3197	1
413	248	1
413	2013	1
413	177	1
413	1090	1
413	387	1
413	3198	1
413	1890	1
413	517	1
414	1487	0
414	15	0
414	3001	0
414	109	1
414	3199	0
414	1054	1
414	15	1
414	712	1
414	390	1
414	3199	1
415	3201	1
415	3202	1
415	3203	1
415	3204	1
416	1230	0
416	662	0
416	3205	0
416	1230	1
416	3207	1
416	3208	1
416	970	1
416	2127	1
416	9	1
416	42	1
416	1670	1
416	134	1
416	3209	1
416	413	1
416	1507	1
416	1269	1
416	450	1
416	827	1
416	49	1
416	625	1
416	2115	1
416	1486	1
417	3211	0
417	1851	0
417	127	0
417	3212	0
417	3213	0
417	3214	0
417	3216	1
417	3215	1
417	544	1
417	273	1
417	1851	1
417	987	1
417	562	1
417	956	1
417	1209	1
417	196	1
417	393	1
417	3217	1
417	2559	1
417	930	1
417	15	1
417	1156	1
417	1310	1
417	98	1
417	961	1
417	3218	1
417	61	1
417	626	1
417	49	1
417	3219	1
417	3220	1
417	1771	1
417	40	1
417	3221	1
418	304	0
418	304	1
418	305	1
419	2486	0
419	1422	0
419	3220	0
419	3224	0
419	1190	0
419	3225	0
419	942	0
419	1086	0
419	1121	0
419	1090	0
419	489	0
419	39	1
419	49	1
419	793	1
419	3226	1
419	475	1
419	2872	1
419	3224	1
420	3228	0
420	3228	1
420	3229	1
420	1968	1
420	3230	1
420	1615	1
421	930	0
421	249	0
421	11	0
421	2438	0
421	579	0
421	503	0
421	502	0
421	1078	0
421	3231	0
421	3232	1
421	1358	1
421	168	1
422	2999	0
422	467	0
422	469	0
422	746	0
422	15	0
422	3081	1
422	2363	1
422	3234	1
422	469	1
422	549	1
422	42	1
423	39	0
423	654	0
423	3235	0
423	3235	1
423	3236	0
423	3238	0
423	654	1
423	963	1
424	3240	0
424	42	0
424	134	0
424	167	0
424	3242	0
424	827	0
424	1630	0
424	786	0
424	3243	0
424	2882	0
424	2883	0
424	426	1
424	428	1
424	134	1
424	3245	1
424	804	1
424	1945	1
424	3246	1
424	1944	1
424	116	1
424	2136	1
424	2706	1
424	3247	1
424	3248	1
424	308	1
424	238	1
424	984	1
424	3250	1
424	106	1
424	6	1
424	1767	1
424	3251	1
424	536	1
424	1127	1
424	3252	1
424	1121	1
424	3253	1
424	235	1
424	29	1
424	2184	1
424	2133	1
424	42	1
424	3254	1
424	3255	1
424	91	1
424	1241	1
424	988	1
425	3256	0
425	1299	0
425	3257	0
425	722	0
425	3259	1
425	88	1
425	1087	1
425	1550	1
425	2723	1
425	2249	1
425	3260	1
425	1310	1
425	200	1
425	302	1
426	1087	0
426	988	0
426	3261	1
426	99	1
426	3262	1
426	714	1
426	2218	1
426	812	1
427	3263	0
427	3264	0
427	42	0
427	1135	0
427	3265	0
427	1037	0
427	3266	0
427	3267	0
427	1038	0
427	3268	0
427	426	0
427	2644	0
427	3269	0
427	688	0
427	3057	0
427	1404	0
427	202	0
427	1715	0
427	134	0
427	569	0
427	646	0
427	3270	0
427	15	0
427	871	0
427	1379	1
427	2483	0
427	1465	0
427	1697	0
427	3271	0
427	3272	0
427	942	0
427	129	0
427	87	0
427	3274	0
427	3275	0
427	712	0
427	963	0
427	3276	0
427	3276	1
427	358	0
427	3277	0
427	128	0
427	3264	1
427	1697	1
427	3278	1
427	177	1
427	1090	1
427	1321	1
427	477	1
427	1298	1
427	42	1
427	1299	1
427	3280	1
427	2819	1
427	3281	1
427	1952	1
427	1671	1
427	722	1
427	99	1
427	2992	1
427	1973	1
427	1380	1
427	2090	1
427	1641	1
427	473	1
427	793	1
427	3282	1
427	2033	1
427	3283	1
427	1190	1
427	134	1
427	1075	1
427	2672	1
427	302	1
427	72	1
427	524	1
427	2289	1
427	607	1
427	3284	1
427	1132	1
427	736	1
427	82	1
427	15	1
427	1618	1
427	575	1
427	714	1
427	474	1
427	467	1
427	3285	1
427	670	1
427	1987	1
427	3286	1
427	3287	1
427	741	1
427	3288	1
427	3289	1
427	777	1
427	3290	1
427	3291	1
427	678	1
427	1408	1
427	3292	1
427	544	1
427	1135	1
427	3293	1
427	2908	1
427	337	1
427	336	1
427	531	1
427	633	1
427	115	1
427	229	1
427	569	1
427	114	1
427	3064	1
427	3277	1
428	1104	0
428	3295	0
428	3296	0
428	308	0
428	3060	0
428	187	0
428	3297	0
428	435	0
428	94	0
428	273	0
428	323	0
428	3298	0
428	3299	0
428	2733	0
428	2236	0
428	2676	0
428	2458	0
428	1281	0
428	2352	0
428	1217	0
428	166	0
428	3301	1
428	3069	1
428	61	1
428	2355	1
428	2	1
428	3303	1
428	233	1
428	3305	1
428	927	1
428	3306	1
428	118	1
428	151	1
428	234	1
428	239	1
428	240	1
428	932	1
428	3307	1
428	3308	1
428	37	1
428	3309	1
428	3310	1
429	3311	0
429	177	0
429	786	0
429	426	0
429	3312	0
429	283	0
429	3314	0
429	3315	0
429	3317	0
429	3316	0
429	3320	1
429	786	1
429	3321	1
429	1574	1
429	117	1
429	363	1
429	3322	1
429	42	1
429	3247	1
429	15	1
429	58	1
429	3323	1
429	1121	1
429	1090	1
429	2855	1
429	819	1
430	458	0
430	2678	0
430	2002	0
430	2678	1
430	458	1
430	179	1
431	1448	0
431	1322	0
431	2562	0
431	1448	1
431	3327	1
432	601	0
432	114	0
432	99	0
432	3328	0
432	1057	0
432	2800	0
432	1976	0
432	3330	0
432	3331	0
432	670	1
432	368	1
432	1597	1
432	1452	1
432	638	1
432	408	1
432	15	1
432	3332	1
432	3333	1
432	3334	1
432	2362	1
432	363	1
432	644	1
433	2157	0
433	3338	0
433	302	1
433	369	1
433	3149	1
433	3165	1
433	260	1
433	641	1
433	365	1
434	90	0
434	709	0
434	835	0
434	3339	0
434	1343	0
434	680	0
434	2101	0
434	504	0
434	91	1
434	708	1
434	12	1
434	257	1
434	234	1
434	90	1
435	1192	0
435	1767	1
435	969	1
435	39	1
435	1871	1
436	2580	0
436	1693	1
436	2236	1
436	336	1
436	3341	0
436	1697	0
436	1693	0
436	233	0
436	1210	0
436	19	0
436	1598	1
436	641	1
436	162	1
437	3343	0
437	3343	1
437	3344	1
437	3344	0
437	1188	0
437	3100	0
437	81	1
437	213	1
437	2834	1
437	3345	1
438	19	0
438	2856	0
438	1547	0
438	15	0
438	2910	0
438	1555	0
438	130	0
438	28	0
438	200	0
438	1248	1
438	1249	1
438	2604	1
438	3347	1
438	581	1
438	200	1
438	611	1
438	84	1
438	29	1
438	1329	1
438	18	1
438	1328	1
438	3348	1
439	3349	0
439	3350	0
439	2910	0
439	3078	0
439	3353	1
439	1078	0
439	1623	1
439	3354	1
439	418	1
439	917	1
439	3355	1
439	2910	1
439	2291	1
439	2844	1
439	2358	1
439	2357	1
439	3356	1
439	3357	1
439	2494	1
439	614	1
439	31	1
439	3358	1
440	307	0
440	3359	0
440	959	0
440	1452	1
440	2183	1
440	3361	1
440	838	1
440	166	1
441	345	0
441	15	0
441	3363	0
441	134	0
441	2117	0
441	1720	0
441	15	1
441	42	1
441	3364	0
441	827	1
441	2592	1
441	1892	1
441	3365	1
441	2817	1
441	361	1
441	941	1
441	3366	1
441	475	1
442	3367	0
442	1620	0
442	3368	0
442	170	0
442	117	1
442	1220	1
442	3128	1
442	864	1
442	15	1
442	1156	1
443	42	0
443	846	0
443	3369	1
443	3370	1
443	114	1
443	15	1
443	42	1
443	3371	1
443	3372	1
443	746	1
444	3373	0
444	3374	0
444	3375	0
444	3197	0
444	1269	1
444	129	1
444	1647	1
444	28	1
444	257	1
444	3376	1
444	118	1
444	302	1
444	363	1
444	117	1
444	19	1
444	3377	1
444	108	1
445	355	1
445	3378	1
445	2810	1
445	3147	1
446	1450	0
446	3327	0
446	1448	0
446	1448	1
446	1450	1
446	3327	1
446	128	1
446	179	1
447	3379	0
447	1809	0
447	3380	0
447	1329	0
447	18	0
447	1328	0
447	15	1
447	3381	1
447	2010	1
447	3382	1
448	42	0
448	3383	0
448	1716	0
448	200	0
448	1324	0
448	1556	0
448	201	0
448	3385	0
448	326	0
448	263	0
448	3386	0
448	3104	0
448	15	0
448	3387	0
448	3104	1
448	946	0
448	1721	0
448	1945	0
448	3388	0
448	42	1
448	3389	0
448	368	0
448	745	0
448	1178	0
448	1944	0
448	3034	0
448	3390	0
448	3391	0
448	117	0
448	3392	0
448	2176	0
448	3251	0
448	112	0
448	1976	1
448	200	1
448	117	1
448	15	1
448	3392	1
448	1467	1
448	3045	1
448	1944	1
448	3393	1
448	3394	1
448	426	1
448	526	1
448	1945	1
448	1580	1
448	215	1
448	496	1
448	112	1
448	3252	1
448	130	1
448	1156	1
448	3105	1
448	114	1
448	269	1
448	3391	1
448	1716	1
448	422	1
448	84	1
448	534	1
448	532	1
448	3395	1
448	2669	1
448	844	1
448	2176	1
448	3251	1
448	1127	1
448	325	1
448	581	1
448	942	1
448	308	1
448	3396	1
448	1556	1
448	544	1
448	3397	1
448	712	1
448	1093	1
449	3398	0
449	355	0
449	3399	0
449	751	0
449	2196	0
449	3400	0
449	3401	0
449	2928	0
449	3403	0
449	3404	0
449	129	0
449	325	0
449	1909	0
449	3406	0
449	15	1
449	358	1
449	1349	1
449	1364	1
449	1191	1
450	1384	0
450	2115	0
450	1325	0
450	859	0
450	3409	0
450	1014	0
450	1014	1
450	208	0
450	177	0
450	115	0
450	3410	0
450	3412	0
450	3413	0
450	1388	0
450	554	0
450	3414	0
450	3293	1
450	1135	1
450	3415	0
450	3415	1
450	3416	1
450	3417	0
450	417	0
450	3418	0
450	3416	0
450	3419	0
450	1403	0
450	1324	0
450	3409	1
450	670	0
450	2478	0
450	1013	0
450	283	0
450	3422	0
450	3424	0
450	3426	0
450	1388	1
450	1767	0
450	569	0
450	117	0
450	3429	1
450	3429	0
450	2733	1
450	3430	1
450	1325	1
450	2817	1
450	1260	1
450	956	1
450	3432	1
450	3431	1
450	3433	1
450	3418	1
450	3434	1
450	3435	1
450	1324	1
450	741	1
450	2136	1
450	2706	1
450	3437	1
450	2573	1
450	923	1
450	631	1
450	3438	1
450	569	1
450	950	1
450	426	1
450	1013	1
450	2245	1
450	3439	1
450	3440	1
450	838	1
450	554	1
450	1945	1
450	260	1
450	3441	1
450	3394	1
450	196	1
450	3442	1
450	3443	1
450	3444	1
451	1662	0
451	196	0
451	626	0
451	3445	0
451	3446	0
451	3364	0
451	2164	1
451	1114	1
451	3448	1
451	1662	1
451	196	1
451	2364	1
452	427	0
452	3450	1
452	473	0
452	3451	0
452	3452	0
452	3453	0
452	1331	0
452	1331	1
452	473	1
452	1700	1
452	3456	1
452	1549	1
452	2000	1
453	1522	0
453	864	0
453	3457	0
453	1163	0
453	2183	0
453	3458	0
453	28	0
453	297	0
453	3459	0
453	2478	0
453	3460	0
453	3298	0
453	363	0
453	91	0
453	695	1
453	234	1
453	864	1
453	1904	1
453	9	1
453	569	1
453	626	1
453	29	1
453	2478	1
453	852	1
453	3463	1
453	39	1
453	173	1
453	506	1
453	15	1
453	3465	1
453	330	1
453	3460	1
453	3466	1
453	2633	1
453	67	1
453	116	1
453	3467	1
453	2121	1
453	2183	1
453	670	1
453	3458	1
453	149	1
454	362	1
454	321	1
454	112	1
455	2809	0
455	2814	0
455	3468	0
455	3469	0
455	77	0
455	42	0
455	2632	0
455	2726	0
455	3470	0
455	1311	0
455	469	0
455	263	0
455	3471	0
455	843	0
455	3149	0
455	3472	0
455	2809	1
455	369	1
455	1518	1
455	3473	1
455	3474	1
455	1641	1
455	763	1
455	3469	1
455	46	1
455	2981	1
455	658	1
455	413	1
455	1166	1
455	544	1
455	365	1
455	3150	1
455	3149	1
456	117	0
456	3477	0
456	18	0
456	151	0
456	1647	0
456	29	0
456	295	0
456	1201	0
456	118	0
456	28	1
456	3478	0
456	99	0
456	15	0
456	1498	1
456	118	1
456	67	1
456	295	1
456	1087	1
456	113	1
456	61	1
456	1201	1
456	650	1
456	1458	1
456	3481	1
456	3480	1
457	448	0
457	393	1
457	339	1
458	3483	0
458	827	0
458	1371	0
458	2216	0
458	1422	0
458	1708	0
458	2486	0
458	99	0
458	1358	0
458	3484	0
458	369	0
458	107	0
458	835	0
458	160	0
458	3486	0
458	2996	0
458	486	1
458	489	1
458	2633	1
458	352	1
458	3488	1
458	3487	1
458	2394	1
458	1624	1
458	1733	1
458	1299	1
458	133	1
458	338	1
458	1408	1
458	2162	1
458	753	1
458	2084	1
459	15	0
459	3491	0
459	2135	0
459	1275	0
459	743	0
459	761	0
459	117	0
459	15	1
459	1420	1
459	3493	1
459	3494	1
459	3491	1
460	879	0
460	1324	0
460	3440	0
460	741	1
460	3493	1
460	450	1
460	554	1
460	15	1
460	1261	1
460	1075	1
460	2217	1
460	1324	1
460	311	1
460	284	1
460	2611	1
460	1909	1
461	3495	0
461	1015	1
461	256	1
461	29	1
461	133	1
461	3020	1
462	3498	0
462	3500	0
462	3501	0
462	3502	1
462	15	1
462	1264	1
462	3503	1
462	1496	1
462	1015	1
462	1589	1
463	751	0
463	3504	0
463	1164	0
463	3505	0
463	385	0
463	42	1
463	345	1
464	775	0
464	3507	0
464	463	0
464	3508	0
464	1206	0
464	3509	0
464	3510	0
464	3511	0
464	107	0
464	2732	0
464	1414	0
464	3512	0
464	3513	0
464	1014	0
464	764	0
464	1987	0
464	1093	0
464	1855	0
464	3514	0
464	29	0
464	3508	1
464	3515	1
464	1414	1
464	107	1
464	99	1
464	273	1
464	39	1
464	1149	1
464	1299	1
464	712	1
464	322	1
464	2326	1
464	15	1
464	60	1
464	3369	1
464	3370	1
464	212	1
464	489	1
464	337	1
464	387	1
464	3516	1
464	753	1
464	813	1
464	3517	1
464	1322	1
464	325	1
464	368	1
464	741	1
464	92	1
464	504	1
464	345	1
464	2482	1
464	308	1
464	2433	1
464	3518	1
464	1658	1
464	408	1
464	127	1
464	128	1
464	3519	1
464	1515	1
464	134	1
464	126	1
464	339	1
464	1129	1
464	1639	1
464	352	1
465	3520	0
465	3522	0
465	42	0
465	3523	0
465	42	1
465	2480	1
465	2479	1
465	2294	1
465	3520	1
465	784	1
465	3524	1
466	3526	0
466	3527	0
466	3483	0
466	2979	1
466	3527	1
466	2302	1
466	1085	1
467	3528	0
467	130	1
467	117	1
467	474	1
467	164	1
467	1496	1
467	678	1
467	3529	1
467	3530	1
467	793	1
468	1716	0
468	42	1
468	369	1
468	764	1
